t -0.098144 0.098144 0.327148 -0.098144 -0.098144 0.327148 0.098144 -0.098144 0.327148 
t -0.098144 0.098144 0.327148 0.098144 -0.098144 0.327148 0.098144 0.098144 0.327148 
t 0.075852 0.075852 -0.252840 0.075852 -0.075852 -0.252840 -0.075852 -0.075852 -0.252840 
t 0.075852 0.075852 -0.252840 -0.075852 -0.075852 -0.252840 -0.075852 0.075852 -0.252840 
t 0.098144 0.098144 0.327148 0.098144 -0.098144 0.327148 0.075852 -0.075852 -0.252840 
t 0.098144 0.098144 0.327148 0.075852 -0.075852 -0.252840 0.075852 0.075852 -0.252840 
t -0.075852 0.075852 -0.252840 -0.098144 0.098144 0.327148 0.098144 0.098144 0.327148 
t -0.075852 0.075852 -0.252840 0.098144 0.098144 0.327148 0.075852 0.075852 -0.252840 
t -0.075852 0.075852 -0.252840 -0.075852 -0.075852 -0.252840 -0.098144 -0.098144 0.327148 
t -0.075852 0.075852 -0.252840 -0.098144 -0.098144 0.327148 -0.098144 0.098144 0.327148 
t -0.098144 -0.098144 0.327148 -0.075852 -0.075852 -0.252840 0.075852 -0.075852 -0.252840 
t -0.098144 -0.098144 0.327148 0.075852 -0.075852 -0.252840 0.098144 -0.098144 0.327148 
t 0.038148 0.123127 -0.217720 0.038148 0.109376 -0.217720 0.165697 0.109376 -0.270344 
t 0.038148 0.123127 -0.217720 0.165697 0.109376 -0.270344 0.165697 0.123127 -0.270344 
t 0.165697 0.123127 -0.330118 0.165697 0.109376 -0.330118 0.038148 0.109376 -0.312690 
t 0.165697 0.123127 -0.330118 0.038148 0.109376 -0.312690 0.038148 0.123127 -0.312690 
t 0.165697 0.123127 -0.270344 0.165697 0.109376 -0.270344 0.165697 0.109376 -0.330118 
t 0.165697 0.123127 -0.270344 0.165697 0.109376 -0.330118 0.165697 0.123127 -0.330118 
t 0.038148 0.123127 -0.312690 0.038148 0.123127 -0.217720 0.165697 0.123127 -0.270344 
t 0.038148 0.123127 -0.312690 0.165697 0.123127 -0.270344 0.165697 0.123127 -0.330118 
t 0.038148 0.123127 -0.312690 0.038148 0.109376 -0.312690 0.038148 0.109376 -0.217720 
t 0.038148 0.123127 -0.312690 0.038148 0.109376 -0.217720 0.038148 0.123127 -0.217720 
t 0.038148 0.109376 -0.217720 0.038148 0.109376 -0.312690 0.165697 0.109376 -0.330118 
t 0.038148 0.109376 -0.217720 0.165697 0.109376 -0.330118 0.165697 0.109376 -0.270344 
t -0.038149 0.109378 -0.217720 -0.038148 0.123129 -0.217720 -0.165697 0.123135 -0.270344 
t -0.038149 0.109378 -0.217720 -0.165697 0.123135 -0.270344 -0.165698 0.109384 -0.270344 
t -0.165698 0.109528 -0.330070 -0.165697 0.123280 -0.330064 -0.038148 0.123265 -0.312636 
t -0.165698 0.109528 -0.330070 -0.038148 0.123265 -0.312636 -0.038149 0.109514 -0.312642 
t -0.165698 0.109384 -0.270344 -0.165697 0.123135 -0.270344 -0.165697 0.123280 -0.330064 
t -0.165698 0.109384 -0.270344 -0.165697 0.123280 -0.330064 -0.165698 0.109528 -0.330070 
t -0.038149 0.109514 -0.312642 -0.038149 0.109378 -0.217720 -0.165698 0.109384 -0.270344 
t -0.038149 0.109514 -0.312642 -0.165698 0.109384 -0.270344 -0.165698 0.109528 -0.330070 
t -0.038149 0.109514 -0.312642 -0.038148 0.123265 -0.312636 -0.038148 0.123129 -0.217720 
t -0.038149 0.109514 -0.312642 -0.038148 0.123129 -0.217720 -0.038149 0.109378 -0.217720 
t -0.038148 0.123129 -0.217720 -0.038148 0.123265 -0.312636 -0.165697 0.123280 -0.330064 
t -0.038148 0.123129 -0.217720 -0.165697 0.123280 -0.330064 -0.165697 0.123135 -0.270344 
t 0.005312 -0.033496 0.459990 0.010486 -0.032252 0.459990 0.015402 -0.030215 0.459990 
t 0.005312 -0.033496 0.459990 0.015402 -0.030215 0.459990 0.019939 -0.027434 0.459990 
t 0.005312 -0.033496 0.459990 0.019939 -0.027434 0.459990 0.023985 -0.023977 0.459989 
t 0.005312 -0.033496 0.459990 0.023985 -0.023977 0.459989 0.027441 -0.019929 0.459989 
t 0.005312 -0.033496 0.459990 0.027441 -0.019929 0.459989 0.030221 -0.015392 0.459989 
t 0.005312 -0.033496 0.459990 0.030221 -0.015392 0.459989 0.032257 -0.010475 0.459989 
t 0.005312 -0.033496 0.459990 0.032257 -0.010475 0.459989 0.033498 -0.005300 0.459989 
t 0.005312 -0.033496 0.459990 0.033498 -0.005300 0.459989 0.033915 0.000006 0.459989 
t 0.005312 -0.033496 0.459990 0.033915 0.000006 0.459989 0.033497 0.005311 0.459989 
t 0.005312 -0.033496 0.459990 0.033497 0.005311 0.459989 0.032254 0.010485 0.459989 
t 0.005312 -0.033496 0.459990 0.032254 0.010485 0.459989 0.030216 0.015402 0.459988 
t 0.005312 -0.033496 0.459990 0.030216 0.015402 0.459988 0.027435 0.019939 0.459988 
t 0.005312 -0.033496 0.459990 0.027435 0.019939 0.459988 0.023979 0.023985 0.459988 
t 0.005312 -0.033496 0.459990 0.023979 0.023985 0.459988 0.019932 0.027441 0.459988 
t 0.005312 -0.033496 0.459990 0.019932 0.027441 0.459988 0.015394 0.030221 0.459988 
t 0.005312 -0.033496 0.459990 0.015394 0.030221 0.459988 0.010477 0.032257 0.459988 
t 0.005312 -0.033496 0.459990 0.010477 0.032257 0.459988 0.005302 0.033499 0.459988 
t 0.005312 -0.033496 0.459990 0.005302 0.033499 0.459988 -0.000003 0.033916 0.459988 
t 0.005312 -0.033496 0.459990 -0.000003 0.033916 0.459988 -0.005308 0.033498 0.459988 
t 0.005312 -0.033496 0.459990 -0.005308 0.033498 0.459988 -0.010483 0.032255 0.459988 
t 0.005312 -0.033496 0.459990 -0.010483 0.032255 0.459988 -0.015399 0.030218 0.459988 
t 0.005312 -0.033496 0.459990 -0.015399 0.030218 0.459988 -0.019937 0.027437 0.459988 
t 0.005312 -0.033496 0.459990 -0.019937 0.027437 0.459988 -0.023983 0.023981 0.459988 
t 0.005312 -0.033496 0.459990 -0.023983 0.023981 0.459988 -0.027439 0.019934 0.459988 
t 0.005312 -0.033496 0.459990 -0.027439 0.019934 0.459988 -0.030219 0.015396 0.459988 
t 0.005312 -0.033496 0.459990 -0.030219 0.015396 0.459988 -0.032256 0.010479 0.459989 
t 0.005312 -0.033496 0.459990 -0.032256 0.010479 0.459989 -0.033498 0.005305 0.459989 
t 0.005312 -0.033496 0.459990 -0.033498 0.005305 0.459989 -0.033915 -0.000001 0.459989 
t 0.005312 -0.033496 0.459990 -0.033915 -0.000001 0.459989 -0.033497 -0.005306 0.459989 
t 0.005312 -0.033496 0.459990 -0.033497 -0.005306 0.459989 -0.032255 -0.010481 0.459989 
t 0.005312 -0.033496 0.459990 -0.032255 -0.010481 0.459989 -0.030218 -0.015397 0.459989 
t 0.005312 -0.033496 0.459990 -0.030218 -0.015397 0.459989 -0.027437 -0.019935 0.459989 
t 0.005312 -0.033496 0.459990 -0.027437 -0.019935 0.459989 -0.023981 -0.023981 0.459989 
t 0.005312 -0.033496 0.459990 -0.023981 -0.023981 0.459989 -0.019934 -0.027437 0.459990 
t 0.005312 -0.033496 0.459990 -0.019934 -0.027437 0.459990 -0.015397 -0.030218 0.459990 
t 0.005312 -0.033496 0.459990 -0.015397 -0.030218 0.459990 -0.010480 -0.032254 0.459990 
t 0.005312 -0.033496 0.459990 -0.010480 -0.032254 0.459990 -0.005305 -0.033497 0.459990 
t 0.005312 -0.033496 0.459990 -0.005305 -0.033497 0.459990 0.000000 -0.033914 0.459990 
t 0.000000 -0.093483 0.334141 0.000000 -0.033914 0.459990 -0.005305 -0.033497 0.459990 
t 0.000000 -0.093483 0.334141 -0.005305 -0.033497 0.459990 -0.014623 -0.092332 0.334141 
t -0.014623 -0.092332 0.334141 -0.005305 -0.033497 0.459990 -0.010480 -0.032254 0.459990 
t -0.014623 -0.092332 0.334141 -0.010480 -0.032254 0.459990 -0.028886 -0.088908 0.334141 
t -0.028886 -0.088908 0.334141 -0.010480 -0.032254 0.459990 -0.015397 -0.030218 0.459990 
t -0.028886 -0.088908 0.334141 -0.015397 -0.030218 0.459990 -0.042438 -0.083295 0.334141 
t -0.042438 -0.083295 0.334141 -0.015397 -0.030218 0.459990 -0.019934 -0.027437 0.459990 
t -0.042438 -0.083295 0.334141 -0.019934 -0.027437 0.459990 -0.054945 -0.075631 0.334141 
t -0.054945 -0.075631 0.334141 -0.019934 -0.027437 0.459990 -0.023981 -0.023981 0.459989 
t -0.054945 -0.075631 0.334141 -0.023981 -0.023981 0.459989 -0.066099 -0.066105 0.334141 
t -0.066099 -0.066105 0.334141 -0.023981 -0.023981 0.459989 -0.027437 -0.019935 0.459989 
t -0.066099 -0.066105 0.334141 -0.027437 -0.019935 0.459989 -0.075626 -0.054951 0.334140 
t -0.075626 -0.054951 0.334140 -0.027437 -0.019935 0.459989 -0.030218 -0.015397 0.459989 
t -0.075626 -0.054951 0.334140 -0.030218 -0.015397 0.459989 -0.083290 -0.042444 0.334140 
t -0.083290 -0.042444 0.334140 -0.030218 -0.015397 0.459989 -0.032255 -0.010481 0.459989 
t -0.083290 -0.042444 0.334140 -0.032255 -0.010481 0.459989 -0.088904 -0.028893 0.334140 
t -0.088904 -0.028893 0.334140 -0.032255 -0.010481 0.459989 -0.033497 -0.005306 0.459989 
t -0.088904 -0.028893 0.334140 -0.033497 -0.005306 0.459989 -0.092329 -0.014630 0.334139 
t -0.092329 -0.014630 0.334139 -0.033497 -0.005306 0.459989 -0.033915 -0.000001 0.459989 
t -0.092329 -0.014630 0.334139 -0.033915 -0.000001 0.459989 -0.093480 -0.000007 0.334139 
t -0.093480 -0.000007 0.334139 -0.033915 -0.000001 0.459989 -0.033498 0.005305 0.459989 
t -0.093480 -0.000007 0.334139 -0.033498 0.005305 0.459989 -0.092330 0.014616 0.334139 
t -0.092330 0.014616 0.334139 -0.033498 0.005305 0.459989 -0.032256 0.010479 0.459989 
t -0.092330 0.014616 0.334139 -0.032256 0.010479 0.459989 -0.088907 0.028880 0.334138 
t -0.088907 0.028880 0.334138 -0.032256 0.010479 0.459989 -0.030219 0.015396 0.459988 
t -0.088907 0.028880 0.334138 -0.030219 0.015396 0.459988 -0.083294 0.042432 0.334138 
t -0.083294 0.042432 0.334138 -0.030219 0.015396 0.459988 -0.027439 0.019934 0.459988 
t -0.083294 0.042432 0.334138 -0.027439 0.019934 0.459988 -0.075631 0.054939 0.334137 
t -0.075631 0.054939 0.334137 -0.027439 0.019934 0.459988 -0.023983 0.023981 0.459988 
t -0.075631 0.054939 0.334137 -0.023983 0.023981 0.459988 -0.066105 0.066094 0.334137 
t -0.066105 0.066094 0.334137 -0.023983 0.023981 0.459988 -0.019937 0.027437 0.459988 
t -0.066105 0.066094 0.334137 -0.019937 0.027437 0.459988 -0.054952 0.075621 0.334137 
t -0.054952 0.075621 0.334137 -0.019937 0.027437 0.459988 -0.015399 0.030218 0.459988 
t -0.054952 0.075621 0.334137 -0.015399 0.030218 0.459988 -0.042446 0.083286 0.334137 
t -0.042446 0.083286 0.334137 -0.015399 0.030218 0.459988 -0.010483 0.032255 0.459988 
t -0.042446 0.083286 0.334137 -0.010483 0.032255 0.459988 -0.028894 0.088900 0.334137 
t -0.028894 0.088900 0.334137 -0.010483 0.032255 0.459988 -0.005308 0.033498 0.459988 
t -0.028894 0.088900 0.334137 -0.005308 0.033498 0.459988 -0.014632 0.092326 0.334137 
t -0.014632 0.092326 0.334137 -0.005308 0.033498 0.459988 -0.000003 0.033916 0.459988 
t -0.014632 0.092326 0.334137 -0.000003 0.033916 0.459988 -0.000009 0.093478 0.334137 
t -0.000009 0.093478 0.334137 -0.000003 0.033916 0.459988 0.005302 0.033499 0.459988 
t -0.000009 0.093478 0.334137 0.005302 0.033499 0.459988 0.014614 0.092328 0.334137 
t 0.014614 0.092328 0.334137 0.005302 0.033499 0.459988 0.010477 0.032257 0.459988 
t 0.014614 0.092328 0.334137 0.010477 0.032257 0.459988 0.028878 0.088906 0.334137 
t 0.028878 0.088906 0.334137 0.010477 0.032257 0.459988 0.015394 0.030221 0.459988 
t 0.028878 0.088906 0.334137 0.015394 0.030221 0.459988 0.042430 0.083294 0.334137 
t 0.042430 0.083294 0.334137 0.015394 0.030221 0.459988 0.019932 0.027441 0.459988 
t 0.042430 0.083294 0.334137 0.019932 0.027441 0.459988 0.054938 0.075631 0.334137 
t 0.054938 0.075631 0.334137 0.019932 0.027441 0.459988 0.023979 0.023985 0.459988 
t 0.054938 0.075631 0.334137 0.023979 0.023985 0.459988 0.066093 0.066106 0.334137 
t 0.066093 0.066106 0.334137 0.023979 0.023985 0.459988 0.027435 0.019939 0.459988 
t 0.066093 0.066106 0.334137 0.027435 0.019939 0.459988 0.075621 0.054953 0.334137 
t 0.075621 0.054953 0.334137 0.027435 0.019939 0.459988 0.030216 0.015402 0.459988 
t 0.075621 0.054953 0.334137 0.030216 0.015402 0.459988 0.083286 0.042447 0.334138 
t 0.083286 0.042447 0.334138 0.030216 0.015402 0.459988 0.032254 0.010485 0.459989 
t 0.083286 0.042447 0.334138 0.032254 0.010485 0.459989 0.088901 0.028896 0.334138 
t 0.088901 0.028896 0.334138 0.032254 0.010485 0.459989 0.033497 0.005311 0.459989 
t 0.088901 0.028896 0.334138 0.033497 0.005311 0.459989 0.092328 0.014633 0.334139 
t 0.092328 0.014633 0.334139 0.033497 0.005311 0.459989 0.033915 0.000006 0.459989 
t 0.092328 0.014633 0.334139 0.033915 0.000006 0.459989 0.093480 0.000010 0.334139 
t 0.093480 0.000010 0.334139 0.033915 0.000006 0.459989 0.033498 -0.005300 0.459989 
t 0.093480 0.000010 0.334139 0.033498 -0.005300 0.459989 0.092332 -0.014613 0.334139 
t 0.092332 -0.014613 0.334139 0.033498 -0.005300 0.459989 0.032257 -0.010475 0.459989 
t 0.092332 -0.014613 0.334139 0.032257 -0.010475 0.459989 0.088909 -0.028876 0.334140 
t 0.088909 -0.028876 0.334140 0.032257 -0.010475 0.459989 0.030221 -0.015392 0.459989 
t 0.088909 -0.028876 0.334140 0.030221 -0.015392 0.459989 0.083298 -0.042429 0.334140 
t 0.083298 -0.042429 0.334140 0.030221 -0.015392 0.459989 0.027441 -0.019929 0.459989 
t 0.083298 -0.042429 0.334140 0.027441 -0.019929 0.459989 0.075636 -0.054937 0.334140 
t 0.075636 -0.054937 0.334140 0.027441 -0.019929 0.459989 0.023985 -0.023977 0.459989 
t 0.075636 -0.054937 0.334140 0.023985 -0.023977 0.459989 0.066111 -0.066092 0.334141 
t 0.066111 -0.066092 0.334141 0.023985 -0.023977 0.459989 0.019939 -0.027434 0.459990 
t 0.066111 -0.066092 0.334141 0.019939 -0.027434 0.459990 0.054959 -0.075620 0.334141 
t 0.054959 -0.075620 0.334141 0.019939 -0.027434 0.459990 0.015402 -0.030215 0.459990 
t 0.054959 -0.075620 0.334141 0.015402 -0.030215 0.459990 0.042454 -0.083287 0.334141 
t 0.042454 -0.083287 0.334141 0.015402 -0.030215 0.459990 0.010486 -0.032252 0.459990 
t 0.042454 -0.083287 0.334141 0.010486 -0.032252 0.459990 0.028903 -0.088902 0.334141 
t 0.028903 -0.088902 0.334141 0.010486 -0.032252 0.459990 0.005312 -0.033496 0.459990 
t 0.028903 -0.088902 0.334141 0.005312 -0.033496 0.459990 0.014640 -0.092329 0.334141 
t 0.014640 -0.092329 0.334141 0.005312 -0.033496 0.459990 0.000000 -0.033914 0.459990 
t 0.014640 -0.092329 0.334141 0.000000 -0.033914 0.459990 0.000000 -0.093483 0.334141 
t -0.000655 -0.011777 0.475118 -0.079825 -0.017662 0.475118 -0.148527 -0.024855 0.475118 
t -0.000655 -0.011777 0.475118 -0.148527 -0.024855 0.475118 -0.189748 -0.032705 0.475118 
t -0.000655 -0.011777 0.475118 -0.189748 -0.032705 0.475118 -0.213302 -0.030086 0.475118 
t -0.000655 -0.011777 0.475118 -0.213302 -0.030086 0.475118 -0.219189 0.000012 0.475118 
t -0.000655 -0.011777 0.475118 -0.219189 0.000012 0.475118 -0.212645 0.028800 0.475118 
t -0.000655 -0.011777 0.475118 -0.212645 0.028800 0.475118 -0.190399 0.032725 0.475118 
t -0.000655 -0.011777 0.475118 -0.190399 0.032725 0.475118 -0.145907 0.022254 0.475118 
t -0.000655 -0.011777 0.475118 -0.145907 0.022254 0.475118 -0.079169 0.017016 0.475118 
t -0.000655 -0.011777 0.475118 -0.079169 0.017016 0.475118 0.000022 0.012105 0.475118 
t 0.000022 0.012105 0.475118 0.079824 0.017666 0.475118 0.148525 0.024863 0.475118 
t 0.000022 0.012105 0.475118 0.148525 0.024863 0.475118 0.189746 0.032715 0.475118 
t 0.000022 0.012105 0.475118 0.189746 0.032715 0.475118 0.213301 0.030098 0.475118 
t 0.000022 0.012105 0.475118 0.213301 0.030098 0.475118 0.219189 0.000000 0.475118 
t 0.000022 0.012105 0.475118 0.219189 0.000000 0.475118 0.212646 -0.028789 0.475118 
t 0.000022 0.012105 0.475118 0.212646 -0.028789 0.475118 0.190400 -0.032715 0.475118 
t 0.000022 0.012105 0.475118 0.190400 -0.032715 0.475118 0.145908 -0.022246 0.475118 
t 0.000022 0.012105 0.475118 0.145908 -0.022246 0.475118 0.079170 -0.017012 0.475118 
t 0.000022 0.012105 0.475118 0.079170 -0.017012 0.475118 -0.000655 -0.011777 0.475118 
t 0.000022 0.012105 0.489381 -0.079169 0.017016 0.489381 -0.145907 0.022254 0.489381 
t 0.000022 0.012105 0.489381 -0.145907 0.022254 0.489381 -0.190399 0.032725 0.489381 
t 0.000022 0.012105 0.489381 -0.190399 0.032725 0.489381 -0.212645 0.028800 0.489381 
t 0.000022 0.012105 0.489381 -0.212645 0.028800 0.489381 -0.219189 0.000012 0.489381 
t 0.000022 0.012105 0.489381 -0.219189 0.000012 0.489381 -0.213302 -0.030086 0.489381 
t 0.000022 0.012105 0.489381 -0.213302 -0.030086 0.489381 -0.189748 -0.032705 0.489381 
t 0.000022 0.012105 0.489381 -0.189748 -0.032705 0.489381 -0.148527 -0.024855 0.489381 
t 0.000022 0.012105 0.489381 -0.148527 -0.024855 0.489381 -0.079825 -0.017662 0.489381 
t 0.000022 0.012105 0.489381 -0.079825 -0.017662 0.489381 -0.000655 -0.011777 0.489381 
t -0.000655 -0.011777 0.475118 -0.000655 -0.011777 0.489381 -0.079825 -0.017662 0.489381 
t -0.000655 -0.011777 0.475118 -0.079825 -0.017662 0.489381 -0.079825 -0.017662 0.475118 
t -0.079825 -0.017662 0.475118 -0.079825 -0.017662 0.489381 -0.148527 -0.024855 0.489381 
t -0.079825 -0.017662 0.475118 -0.148527 -0.024855 0.489381 -0.148527 -0.024855 0.475118 
t -0.148527 -0.024855 0.475118 -0.148527 -0.024855 0.489381 -0.189748 -0.032705 0.489381 
t -0.148527 -0.024855 0.475118 -0.189748 -0.032705 0.489381 -0.189748 -0.032705 0.475118 
t -0.189748 -0.032705 0.475118 -0.189748 -0.032705 0.489381 -0.213302 -0.030086 0.489381 
t -0.189748 -0.032705 0.475118 -0.213302 -0.030086 0.489381 -0.213302 -0.030086 0.475118 
t -0.213302 -0.030086 0.475118 -0.213302 -0.030086 0.489381 -0.219189 0.000012 0.489381 
t -0.213302 -0.030086 0.475118 -0.219189 0.000012 0.489381 -0.219189 0.000012 0.475118 
t -0.219189 0.000012 0.475118 -0.219189 0.000012 0.489381 -0.212645 0.028800 0.489381 
t -0.219189 0.000012 0.475118 -0.212645 0.028800 0.489381 -0.212645 0.028800 0.475118 
t -0.212645 0.028800 0.475118 -0.212645 0.028800 0.489381 -0.190399 0.032725 0.489381 
t -0.212645 0.028800 0.475118 -0.190399 0.032725 0.489381 -0.190399 0.032725 0.475118 
t -0.190399 0.032725 0.475118 -0.190399 0.032725 0.489381 -0.145907 0.022254 0.489381 
t -0.190399 0.032725 0.475118 -0.145907 0.022254 0.489381 -0.145907 0.022254 0.475118 
t -0.145907 0.022254 0.475118 -0.145907 0.022254 0.489381 -0.079169 0.017016 0.489381 
t -0.145907 0.022254 0.475118 -0.079169 0.017016 0.489381 -0.079169 0.017016 0.475118 
t -0.079169 0.017016 0.475118 -0.079169 0.017016 0.489381 0.000022 0.012105 0.489381 
t -0.079169 0.017016 0.475118 0.000022 0.012105 0.489381 0.000022 0.012105 0.475118 
t -0.000655 -0.011777 0.489381 0.079170 -0.017012 0.489381 0.145908 -0.022246 0.489381 
t -0.000655 -0.011777 0.489381 0.145908 -0.022246 0.489381 0.190400 -0.032715 0.489381 
t -0.000655 -0.011777 0.489381 0.190400 -0.032715 0.489381 0.212646 -0.028789 0.489381 
t -0.000655 -0.011777 0.489381 0.212646 -0.028789 0.489381 0.219189 0.000000 0.489381 
t -0.000655 -0.011777 0.489381 0.219189 0.000000 0.489381 0.213301 0.030098 0.489381 
t -0.000655 -0.011777 0.489381 0.213301 0.030098 0.489381 0.189746 0.032715 0.489381 
t -0.000655 -0.011777 0.489381 0.189746 0.032715 0.489381 0.148525 0.024863 0.489381 
t -0.000655 -0.011777 0.489381 0.148525 0.024863 0.489381 0.079824 0.017666 0.489381 
t -0.000655 -0.011777 0.489381 0.079824 0.017666 0.489381 0.000022 0.012105 0.489381 
t 0.000022 0.012105 0.475118 0.000022 0.012105 0.489381 0.079824 0.017666 0.489381 
t 0.000022 0.012105 0.475118 0.079824 0.017666 0.489381 0.079824 0.017666 0.475118 
t 0.079824 0.017666 0.475118 0.079824 0.017666 0.489381 0.148525 0.024863 0.489381 
t 0.079824 0.017666 0.475118 0.148525 0.024863 0.489381 0.148525 0.024863 0.475118 
t 0.148525 0.024863 0.475118 0.148525 0.024863 0.489381 0.189746 0.032715 0.489381 
t 0.148525 0.024863 0.475118 0.189746 0.032715 0.489381 0.189746 0.032715 0.475118 
t 0.189746 0.032715 0.475118 0.189746 0.032715 0.489381 0.213301 0.030098 0.489381 
t 0.189746 0.032715 0.475118 0.213301 0.030098 0.489381 0.213301 0.030098 0.475118 
t 0.213301 0.030098 0.475118 0.213301 0.030098 0.489381 0.219189 0.000000 0.489381 
t 0.213301 0.030098 0.475118 0.219189 0.000000 0.489381 0.219189 0.000000 0.475118 
t 0.219189 0.000000 0.475118 0.219189 0.000000 0.489381 0.212646 -0.028789 0.489381 
t 0.219189 0.000000 0.475118 0.212646 -0.028789 0.489381 0.212646 -0.028789 0.475118 
t 0.212646 -0.028789 0.475118 0.212646 -0.028789 0.489381 0.190400 -0.032715 0.489381 
t 0.212646 -0.028789 0.475118 0.190400 -0.032715 0.489381 0.190400 -0.032715 0.475118 
t 0.190400 -0.032715 0.475118 0.190400 -0.032715 0.489381 0.145908 -0.022246 0.489381 
t 0.190400 -0.032715 0.475118 0.145908 -0.022246 0.489381 0.145908 -0.022246 0.475118 
t 0.145908 -0.022246 0.475118 0.145908 -0.022246 0.489381 0.079170 -0.017012 0.489381 
t 0.145908 -0.022246 0.475118 0.079170 -0.017012 0.489381 0.079170 -0.017012 0.475118 
t 0.079170 -0.017012 0.475118 0.079170 -0.017012 0.489381 -0.000655 -0.011777 0.489381 
t 0.079170 -0.017012 0.475118 -0.000655 -0.011777 0.489381 -0.000655 -0.011777 0.475118 
t 0.000000 0.182229 0.215873 0.002007 0.181219 0.203201 0.000000 0.181219 0.203043 
t 0.000000 0.182229 0.215873 0.003965 0.181219 0.203671 0.002007 0.181219 0.203201 
t 0.000000 0.182229 0.215873 0.005825 0.181219 0.204441 0.003965 0.181219 0.203671 
t 0.000000 0.182229 0.215873 0.007541 0.181219 0.205493 0.005825 0.181219 0.204441 
t 0.000000 0.182229 0.215873 0.009072 0.181219 0.206801 0.007541 0.181219 0.205493 
t 0.000000 0.182229 0.215873 0.010379 0.181219 0.208332 0.009072 0.181219 0.206801 
t 0.000000 0.182229 0.215873 0.011431 0.181219 0.210048 0.010379 0.181219 0.208332 
t 0.000000 0.182229 0.215873 0.012202 0.181219 0.211908 0.011431 0.181219 0.210048 
t 0.000000 0.182229 0.215873 0.012672 0.181219 0.213866 0.012202 0.181219 0.211908 
t 0.000000 0.182229 0.215873 0.012830 0.181219 0.215873 0.012672 0.181219 0.213866 
t 0.000000 0.182229 0.215873 0.012672 0.181219 0.217880 0.012830 0.181219 0.215873 
t 0.000000 0.182229 0.215873 0.012202 0.181219 0.219837 0.012672 0.181219 0.217880 
t 0.000000 0.182229 0.215873 0.011431 0.181219 0.221697 0.012202 0.181219 0.219837 
t 0.000000 0.182229 0.215873 0.010379 0.181219 0.223414 0.011431 0.181219 0.221697 
t 0.000000 0.182229 0.215873 0.009072 0.181219 0.224945 0.010379 0.181219 0.223414 
t 0.000000 0.182229 0.215873 0.007541 0.181219 0.226252 0.009072 0.181219 0.224945 
t 0.000000 0.182229 0.215873 0.005825 0.181219 0.227304 0.007541 0.181219 0.226252 
t 0.000000 0.182229 0.215873 0.003965 0.181219 0.228075 0.005825 0.181219 0.227304 
t 0.000000 0.182229 0.215873 0.002007 0.181219 0.228545 0.003965 0.181219 0.228075 
t 0.000000 0.182229 0.215873 0.000000 0.181219 0.228703 0.002007 0.181219 0.228545 
t 0.000000 0.182229 0.215873 -0.002007 0.181219 0.228545 0.000000 0.181219 0.228703 
t 0.000000 0.182229 0.215873 -0.003965 0.181219 0.228075 -0.002007 0.181219 0.228545 
t 0.000000 0.182229 0.215873 -0.005825 0.181219 0.227304 -0.003965 0.181219 0.228075 
t 0.000000 0.182229 0.215873 -0.007541 0.181219 0.226252 -0.005825 0.181219 0.227304 
t 0.000000 0.182229 0.215873 -0.009072 0.181219 0.224945 -0.007541 0.181219 0.226252 
t 0.000000 0.182229 0.215873 -0.010379 0.181219 0.223414 -0.009072 0.181219 0.224945 
t 0.000000 0.182229 0.215873 -0.011431 0.181219 0.221697 -0.010379 0.181219 0.223414 
t 0.000000 0.182229 0.215873 -0.012202 0.181219 0.219837 -0.011431 0.181219 0.221697 
t 0.000000 0.182229 0.215873 -0.012672 0.181219 0.217880 -0.012202 0.181219 0.219837 
t 0.000000 0.182229 0.215873 -0.012830 0.181219 0.215873 -0.012672 0.181219 0.217880 
t 0.000000 0.182229 0.215873 -0.012672 0.181219 0.213866 -0.012830 0.181219 0.215873 
t 0.000000 0.182229 0.215873 -0.012202 0.181219 0.211908 -0.012672 0.181219 0.213866 
t 0.000000 0.182229 0.215873 -0.011431 0.181219 0.210048 -0.012202 0.181219 0.211908 
t 0.000000 0.182229 0.215873 -0.010379 0.181219 0.208332 -0.011431 0.181219 0.210048 
t 0.000000 0.182229 0.215873 -0.009072 0.181219 0.206801 -0.010379 0.181219 0.208332 
t 0.000000 0.182229 0.215873 -0.007541 0.181219 0.205493 -0.009072 0.181219 0.206801 
t 0.000000 0.182229 0.215873 -0.005825 0.181219 0.204441 -0.007541 0.181219 0.205493 
t 0.000000 0.182229 0.215873 -0.003965 0.181219 0.203671 -0.005825 0.181219 0.204441 
t 0.000000 0.182229 0.215873 -0.002007 0.181219 0.203201 -0.003965 0.181219 0.203671 
t 0.000000 0.182229 0.215873 0.000000 0.181219 0.203043 -0.002007 0.181219 0.203201 
t 0.002007 0.181219 0.203201 0.003965 0.178215 0.190841 0.000000 0.178215 0.190529 
t 0.002007 0.181219 0.203201 0.000000 0.178215 0.190529 0.000000 0.181219 0.203043 
t 0.003965 0.181219 0.203671 0.007832 0.178215 0.191769 0.003965 0.178215 0.190841 
t 0.003965 0.181219 0.203671 0.003965 0.178215 0.190841 0.002007 0.181219 0.203201 
t 0.005825 0.181219 0.204441 0.011506 0.178215 0.193291 0.007832 0.178215 0.191769 
t 0.005825 0.181219 0.204441 0.007832 0.178215 0.191769 0.003965 0.181219 0.203671 
t 0.007541 0.181219 0.205493 0.014897 0.178215 0.195369 0.011506 0.178215 0.193291 
t 0.007541 0.181219 0.205493 0.011506 0.178215 0.193291 0.005825 0.181219 0.204441 
t 0.009072 0.181219 0.206801 0.017921 0.178215 0.197952 0.014897 0.178215 0.195369 
t 0.009072 0.181219 0.206801 0.014897 0.178215 0.195369 0.007541 0.181219 0.205493 
t 0.010379 0.181219 0.208332 0.020503 0.178215 0.200976 0.017921 0.178215 0.197952 
t 0.010379 0.181219 0.208332 0.017921 0.178215 0.197952 0.009072 0.181219 0.206801 
t 0.011431 0.181219 0.210048 0.022581 0.178215 0.204367 0.020503 0.178215 0.200976 
t 0.011431 0.181219 0.210048 0.020503 0.178215 0.200976 0.010379 0.181219 0.208332 
t 0.012202 0.181219 0.211908 0.024103 0.178215 0.208041 0.022581 0.178215 0.204367 
t 0.012202 0.181219 0.211908 0.022581 0.178215 0.204367 0.011431 0.181219 0.210048 
t 0.012672 0.181219 0.213866 0.025032 0.178215 0.211908 0.024103 0.178215 0.208041 
t 0.012672 0.181219 0.213866 0.024103 0.178215 0.208041 0.012202 0.181219 0.211908 
t 0.012830 0.181219 0.215873 0.025344 0.178215 0.215873 0.025032 0.178215 0.211908 
t 0.012830 0.181219 0.215873 0.025032 0.178215 0.211908 0.012672 0.181219 0.213866 
t 0.012672 0.181219 0.217880 0.025032 0.178215 0.219837 0.025344 0.178215 0.215873 
t 0.012672 0.181219 0.217880 0.025344 0.178215 0.215873 0.012830 0.181219 0.215873 
t 0.012202 0.181219 0.219837 0.024103 0.178215 0.223704 0.025032 0.178215 0.219837 
t 0.012202 0.181219 0.219837 0.025032 0.178215 0.219837 0.012672 0.181219 0.217880 
t 0.011431 0.181219 0.221697 0.022581 0.178215 0.227379 0.024103 0.178215 0.223704 
t 0.011431 0.181219 0.221697 0.024103 0.178215 0.223704 0.012202 0.181219 0.219837 
t 0.010379 0.181219 0.223414 0.020503 0.178215 0.230769 0.022581 0.178215 0.227379 
t 0.010379 0.181219 0.223414 0.022581 0.178215 0.227379 0.011431 0.181219 0.221697 
t 0.009072 0.181219 0.224945 0.017921 0.178215 0.233793 0.020503 0.178215 0.230769 
t 0.009072 0.181219 0.224945 0.020503 0.178215 0.230769 0.010379 0.181219 0.223414 
t 0.007541 0.181219 0.226252 0.014897 0.178215 0.236376 0.017921 0.178215 0.233793 
t 0.007541 0.181219 0.226252 0.017921 0.178215 0.233793 0.009072 0.181219 0.224945 
t 0.005825 0.181219 0.227304 0.011506 0.178215 0.238454 0.014897 0.178215 0.236376 
t 0.005825 0.181219 0.227304 0.014897 0.178215 0.236376 0.007541 0.181219 0.226252 
t 0.003965 0.181219 0.228075 0.007832 0.178215 0.239976 0.011506 0.178215 0.238454 
t 0.003965 0.181219 0.228075 0.011506 0.178215 0.238454 0.005825 0.181219 0.227304 
t 0.002007 0.181219 0.228545 0.003965 0.178215 0.240904 0.007832 0.178215 0.239976 
t 0.002007 0.181219 0.228545 0.007832 0.178215 0.239976 0.003965 0.181219 0.228075 
t 0.000000 0.181219 0.228703 0.000000 0.178215 0.241216 0.003965 0.178215 0.240904 
t 0.000000 0.181219 0.228703 0.003965 0.178215 0.240904 0.002007 0.181219 0.228545 
t -0.002007 0.181219 0.228545 -0.003965 0.178215 0.240904 0.000000 0.178215 0.241216 
t -0.002007 0.181219 0.228545 0.000000 0.178215 0.241216 0.000000 0.181219 0.228703 
t -0.003965 0.181219 0.228075 -0.007832 0.178215 0.239976 -0.003965 0.178215 0.240904 
t -0.003965 0.181219 0.228075 -0.003965 0.178215 0.240904 -0.002007 0.181219 0.228545 
t -0.005825 0.181219 0.227304 -0.011506 0.178215 0.238454 -0.007832 0.178215 0.239976 
t -0.005825 0.181219 0.227304 -0.007832 0.178215 0.239976 -0.003965 0.181219 0.228075 
t -0.007541 0.181219 0.226252 -0.014897 0.178215 0.236376 -0.011506 0.178215 0.238454 
t -0.007541 0.181219 0.226252 -0.011506 0.178215 0.238454 -0.005825 0.181219 0.227304 
t -0.009072 0.181219 0.224945 -0.017921 0.178215 0.233794 -0.014897 0.178215 0.236376 
t -0.009072 0.181219 0.224945 -0.014897 0.178215 0.236376 -0.007541 0.181219 0.226252 
t -0.010379 0.181219 0.223414 -0.020503 0.178215 0.230769 -0.017921 0.178215 0.233794 
t -0.010379 0.181219 0.223414 -0.017921 0.178215 0.233794 -0.009072 0.181219 0.224945 
t -0.011431 0.181219 0.221697 -0.022581 0.178215 0.227379 -0.020503 0.178215 0.230769 
t -0.011431 0.181219 0.221697 -0.020503 0.178215 0.230769 -0.010379 0.181219 0.223414 
t -0.012202 0.181219 0.219837 -0.024103 0.178215 0.223704 -0.022581 0.178215 0.227379 
t -0.012202 0.181219 0.219837 -0.022581 0.178215 0.227379 -0.011431 0.181219 0.221697 
t -0.012672 0.181219 0.217880 -0.025032 0.178215 0.219837 -0.024103 0.178215 0.223704 
t -0.012672 0.181219 0.217880 -0.024103 0.178215 0.223704 -0.012202 0.181219 0.219837 
t -0.012830 0.181219 0.215873 -0.025344 0.178215 0.215873 -0.025032 0.178215 0.219837 
t -0.012830 0.181219 0.215873 -0.025032 0.178215 0.219837 -0.012672 0.181219 0.217880 
t -0.012672 0.181219 0.213866 -0.025032 0.178215 0.211908 -0.025344 0.178215 0.215873 
t -0.012672 0.181219 0.213866 -0.025344 0.178215 0.215873 -0.012830 0.181219 0.215873 
t -0.012202 0.181219 0.211908 -0.024103 0.178215 0.208041 -0.025032 0.178215 0.211908 
t -0.012202 0.181219 0.211908 -0.025032 0.178215 0.211908 -0.012672 0.181219 0.213866 
t -0.011431 0.181219 0.210048 -0.022581 0.178215 0.204367 -0.024103 0.178215 0.208041 
t -0.011431 0.181219 0.210048 -0.024103 0.178215 0.208041 -0.012202 0.181219 0.211908 
t -0.010379 0.181219 0.208332 -0.020504 0.178215 0.200976 -0.022581 0.178215 0.204367 
t -0.010379 0.181219 0.208332 -0.022581 0.178215 0.204367 -0.011431 0.181219 0.210048 
t -0.009072 0.181219 0.206801 -0.017921 0.178215 0.197952 -0.020504 0.178215 0.200976 
t -0.009072 0.181219 0.206801 -0.020504 0.178215 0.200976 -0.010379 0.181219 0.208332 
t -0.007541 0.181219 0.205493 -0.014897 0.178215 0.195369 -0.017921 0.178215 0.197952 
t -0.007541 0.181219 0.205493 -0.017921 0.178215 0.197952 -0.009072 0.181219 0.206801 
t -0.005825 0.181219 0.204441 -0.011506 0.178215 0.193291 -0.014897 0.178215 0.195369 
t -0.005825 0.181219 0.204441 -0.014897 0.178215 0.195369 -0.007541 0.181219 0.205493 
t -0.003965 0.181219 0.203671 -0.007832 0.178215 0.191769 -0.011506 0.178215 0.193291 
t -0.003965 0.181219 0.203671 -0.011506 0.178215 0.193291 -0.005825 0.181219 0.204441 
t -0.002007 0.181219 0.203201 -0.003965 0.178215 0.190841 -0.007832 0.178215 0.191769 
t -0.002007 0.181219 0.203201 -0.007832 0.178215 0.191769 -0.003965 0.181219 0.203671 
t 0.000000 0.181219 0.203043 0.000000 0.178215 0.190529 -0.003965 0.178215 0.190841 
t 0.000000 0.181219 0.203043 -0.003965 0.178215 0.190841 -0.002007 0.181219 0.203201 
t 0.003965 0.178215 0.190841 0.005825 0.173290 0.179098 0.000000 0.173290 0.178639 
t 0.003965 0.178215 0.190841 0.000000 0.173290 0.178639 0.000000 0.178215 0.190529 
t 0.007832 0.178215 0.191769 0.011506 0.173290 0.180462 0.005825 0.173290 0.179098 
t 0.007832 0.178215 0.191769 0.005825 0.173290 0.179098 0.003965 0.178215 0.190841 
t 0.011506 0.178215 0.193291 0.016904 0.173290 0.182697 0.011506 0.173290 0.180462 
t 0.011506 0.178215 0.193291 0.011506 0.173290 0.180462 0.007832 0.178215 0.191769 
t 0.014897 0.178215 0.195369 0.021885 0.173290 0.185750 0.016904 0.173290 0.182697 
t 0.014897 0.178215 0.195369 0.016904 0.173290 0.182697 0.011506 0.178215 0.193291 
t 0.017921 0.178215 0.197952 0.026328 0.173290 0.189545 0.021885 0.173290 0.185750 
t 0.017921 0.178215 0.197952 0.021885 0.173290 0.185750 0.014897 0.178215 0.195369 
t 0.020503 0.178215 0.200976 0.030123 0.173290 0.193987 0.026328 0.173290 0.189545 
t 0.020503 0.178215 0.200976 0.026328 0.173290 0.189545 0.017921 0.178215 0.197952 
t 0.022581 0.178215 0.204367 0.033175 0.173290 0.198969 0.030123 0.173290 0.193987 
t 0.022581 0.178215 0.204367 0.030123 0.173290 0.193987 0.020503 0.178215 0.200976 
t 0.024103 0.178215 0.208041 0.035411 0.173290 0.204367 0.033175 0.173290 0.198969 
t 0.024103 0.178215 0.208041 0.033175 0.173290 0.198969 0.022581 0.178215 0.204367 
t 0.025032 0.178215 0.211908 0.036775 0.173290 0.210048 0.035411 0.173290 0.204367 
t 0.025032 0.178215 0.211908 0.035411 0.173290 0.204367 0.024103 0.178215 0.208041 
t 0.025344 0.178215 0.215873 0.037234 0.173290 0.215873 0.036775 0.173290 0.210048 
t 0.025344 0.178215 0.215873 0.036775 0.173290 0.210048 0.025032 0.178215 0.211908 
t 0.025032 0.178215 0.219837 0.036775 0.173290 0.221697 0.037234 0.173290 0.215873 
t 0.025032 0.178215 0.219837 0.037234 0.173290 0.215873 0.025344 0.178215 0.215873 
t 0.024103 0.178215 0.223704 0.035411 0.173290 0.227379 0.036775 0.173290 0.221697 
t 0.024103 0.178215 0.223704 0.036775 0.173290 0.221697 0.025032 0.178215 0.219837 
t 0.022581 0.178215 0.227379 0.033175 0.173290 0.232776 0.035411 0.173290 0.227379 
t 0.022581 0.178215 0.227379 0.035411 0.173290 0.227379 0.024103 0.178215 0.223704 
t 0.020503 0.178215 0.230769 0.030123 0.173290 0.237758 0.033175 0.173290 0.232776 
t 0.020503 0.178215 0.230769 0.033175 0.173290 0.232776 0.022581 0.178215 0.227379 
t 0.017921 0.178215 0.233793 0.026328 0.173290 0.242201 0.030123 0.173290 0.237758 
t 0.017921 0.178215 0.233793 0.030123 0.173290 0.237758 0.020503 0.178215 0.230769 
t 0.014897 0.178215 0.236376 0.021885 0.173290 0.245995 0.026328 0.173290 0.242201 
t 0.014897 0.178215 0.236376 0.026328 0.173290 0.242201 0.017921 0.178215 0.233793 
t 0.011506 0.178215 0.238454 0.016904 0.173290 0.249048 0.021885 0.173290 0.245995 
t 0.011506 0.178215 0.238454 0.021885 0.173290 0.245995 0.014897 0.178215 0.236376 
t 0.007832 0.178215 0.239976 0.011506 0.173290 0.251284 0.016904 0.173290 0.249048 
t 0.007832 0.178215 0.239976 0.016904 0.173290 0.249048 0.011506 0.178215 0.238454 
t 0.003965 0.178215 0.240904 0.005825 0.173290 0.252648 0.011506 0.173290 0.251284 
t 0.003965 0.178215 0.240904 0.011506 0.173290 0.251284 0.007832 0.178215 0.239976 
t 0.000000 0.178215 0.241216 0.000000 0.173290 0.253106 0.005825 0.173290 0.252648 
t 0.000000 0.178215 0.241216 0.005825 0.173290 0.252648 0.003965 0.178215 0.240904 
t -0.003965 0.178215 0.240904 -0.005825 0.173290 0.252648 0.000000 0.173290 0.253106 
t -0.003965 0.178215 0.240904 0.000000 0.173290 0.253106 0.000000 0.178215 0.241216 
t -0.007832 0.178215 0.239976 -0.011506 0.173290 0.251284 -0.005825 0.173290 0.252648 
t -0.007832 0.178215 0.239976 -0.005825 0.173290 0.252648 -0.003965 0.178215 0.240904 
t -0.011506 0.178215 0.238454 -0.016904 0.173290 0.249048 -0.011506 0.173290 0.251284 
t -0.011506 0.178215 0.238454 -0.011506 0.173290 0.251284 -0.007832 0.178215 0.239976 
t -0.014897 0.178215 0.236376 -0.021885 0.173290 0.245995 -0.016904 0.173290 0.249048 
t -0.014897 0.178215 0.236376 -0.016904 0.173290 0.249048 -0.011506 0.178215 0.238454 
t -0.017921 0.178215 0.233794 -0.026328 0.173290 0.242201 -0.021885 0.173290 0.245995 
t -0.017921 0.178215 0.233794 -0.021885 0.173290 0.245995 -0.014897 0.178215 0.236376 
t -0.020503 0.178215 0.230769 -0.030123 0.173290 0.237758 -0.026328 0.173290 0.242201 
t -0.020503 0.178215 0.230769 -0.026328 0.173290 0.242201 -0.017921 0.178215 0.233794 
t -0.022581 0.178215 0.227379 -0.033175 0.173290 0.232776 -0.030123 0.173290 0.237758 
t -0.022581 0.178215 0.227379 -0.030123 0.173290 0.237758 -0.020503 0.178215 0.230769 
t -0.024103 0.178215 0.223704 -0.035411 0.173290 0.227379 -0.033175 0.173290 0.232776 
t -0.024103 0.178215 0.223704 -0.033175 0.173290 0.232776 -0.022581 0.178215 0.227379 
t -0.025032 0.178215 0.219837 -0.036775 0.173290 0.221697 -0.035411 0.173290 0.227379 
t -0.025032 0.178215 0.219837 -0.035411 0.173290 0.227379 -0.024103 0.178215 0.223704 
t -0.025344 0.178215 0.215873 -0.037234 0.173290 0.215873 -0.036775 0.173290 0.221697 
t -0.025344 0.178215 0.215873 -0.036775 0.173290 0.221697 -0.025032 0.178215 0.219837 
t -0.025032 0.178215 0.211908 -0.036775 0.173290 0.210048 -0.037234 0.173290 0.215873 
t -0.025032 0.178215 0.211908 -0.037234 0.173290 0.215873 -0.025344 0.178215 0.215873 
t -0.024103 0.178215 0.208041 -0.035411 0.173290 0.204367 -0.036775 0.173290 0.210048 
t -0.024103 0.178215 0.208041 -0.036775 0.173290 0.210048 -0.025032 0.178215 0.211908 
t -0.022581 0.178215 0.204367 -0.033175 0.173290 0.198969 -0.035411 0.173290 0.204367 
t -0.022581 0.178215 0.204367 -0.035411 0.173290 0.204367 -0.024103 0.178215 0.208041 
t -0.020504 0.178215 0.200976 -0.030123 0.173290 0.193988 -0.033175 0.173290 0.198969 
t -0.020504 0.178215 0.200976 -0.033175 0.173290 0.198969 -0.022581 0.178215 0.204367 
t -0.017921 0.178215 0.197952 -0.026328 0.173290 0.189545 -0.030123 0.173290 0.193988 
t -0.017921 0.178215 0.197952 -0.030123 0.173290 0.193988 -0.020504 0.178215 0.200976 
t -0.014897 0.178215 0.195369 -0.021885 0.173290 0.185750 -0.026328 0.173290 0.189545 
t -0.014897 0.178215 0.195369 -0.026328 0.173290 0.189545 -0.017921 0.178215 0.197952 
t -0.011506 0.178215 0.193291 -0.016904 0.173290 0.182698 -0.021885 0.173290 0.185750 
t -0.011506 0.178215 0.193291 -0.021885 0.173290 0.185750 -0.014897 0.178215 0.195369 
t -0.007832 0.178215 0.191769 -0.011506 0.173290 0.180462 -0.016904 0.173290 0.182698 
t -0.007832 0.178215 0.191769 -0.016904 0.173290 0.182698 -0.011506 0.178215 0.193291 
t -0.003965 0.178215 0.190841 -0.005825 0.173290 0.179098 -0.011506 0.173290 0.180462 
t -0.003965 0.178215 0.190841 -0.011506 0.173290 0.180462 -0.007832 0.178215 0.191769 
t 0.000000 0.178215 0.190529 0.000000 0.173290 0.178639 -0.005825 0.173290 0.179098 
t 0.000000 0.178215 0.190529 -0.005825 0.173290 0.179098 -0.003965 0.178215 0.190841 
t 0.005825 0.173290 0.179098 0.007541 0.166565 0.168260 0.000000 0.166565 0.167666 
t 0.005825 0.173290 0.179098 0.000000 0.166565 0.167666 0.000000 0.173290 0.178639 
t 0.011506 0.173290 0.180462 0.014897 0.166565 0.170026 0.007541 0.166565 0.168260 
t 0.011506 0.173290 0.180462 0.007541 0.166565 0.168260 0.005825 0.173290 0.179098 
t 0.016904 0.173290 0.182697 0.021885 0.166565 0.172920 0.014897 0.166565 0.170026 
t 0.016904 0.173290 0.182697 0.014897 0.166565 0.170026 0.011506 0.173290 0.180462 
t 0.021885 0.173290 0.185750 0.028335 0.166565 0.176873 0.021885 0.166565 0.172920 
t 0.021885 0.173290 0.185750 0.021885 0.166565 0.172920 0.016904 0.173290 0.182697 
t 0.026328 0.173290 0.189545 0.034087 0.166565 0.181786 0.028335 0.166565 0.176873 
t 0.026328 0.173290 0.189545 0.028335 0.166565 0.176873 0.021885 0.173290 0.185750 
t 0.030123 0.173290 0.193987 0.039000 0.166565 0.187538 0.034087 0.166565 0.181786 
t 0.030123 0.173290 0.193987 0.034087 0.166565 0.181786 0.026328 0.173290 0.189545 
t 0.033175 0.173290 0.198969 0.042952 0.166565 0.193987 0.039000 0.166565 0.187538 
t 0.033175 0.173290 0.198969 0.039000 0.166565 0.187538 0.030123 0.173290 0.193987 
t 0.035411 0.173290 0.204367 0.045847 0.166565 0.200976 0.042952 0.166565 0.193987 
t 0.035411 0.173290 0.204367 0.042952 0.166565 0.193987 0.033175 0.173290 0.198969 
t 0.036775 0.173290 0.210048 0.047613 0.166565 0.208332 0.045847 0.166565 0.200976 
t 0.036775 0.173290 0.210048 0.045847 0.166565 0.200976 0.035411 0.173290 0.204367 
t 0.037234 0.173290 0.215873 0.048207 0.166565 0.215873 0.047613 0.166565 0.208332 
t 0.037234 0.173290 0.215873 0.047613 0.166565 0.208332 0.036775 0.173290 0.210048 
t 0.036775 0.173290 0.221697 0.047613 0.166565 0.223414 0.048207 0.166565 0.215873 
t 0.036775 0.173290 0.221697 0.048207 0.166565 0.215873 0.037234 0.173290 0.215873 
t 0.035411 0.173290 0.227379 0.045847 0.166565 0.230769 0.047613 0.166565 0.223414 
t 0.035411 0.173290 0.227379 0.047613 0.166565 0.223414 0.036775 0.173290 0.221697 
t 0.033175 0.173290 0.232776 0.042952 0.166565 0.237758 0.045847 0.166565 0.230769 
t 0.033175 0.173290 0.232776 0.045847 0.166565 0.230769 0.035411 0.173290 0.227379 
t 0.030123 0.173290 0.237758 0.039000 0.166565 0.244208 0.042952 0.166565 0.237758 
t 0.030123 0.173290 0.237758 0.042952 0.166565 0.237758 0.033175 0.173290 0.232776 
t 0.026328 0.173290 0.242201 0.034087 0.166565 0.249960 0.039000 0.166565 0.244208 
t 0.026328 0.173290 0.242201 0.039000 0.166565 0.244208 0.030123 0.173290 0.237758 
t 0.021885 0.173290 0.245995 0.028335 0.166565 0.254873 0.034087 0.166565 0.249960 
t 0.021885 0.173290 0.245995 0.034087 0.166565 0.249960 0.026328 0.173290 0.242201 
t 0.016904 0.173290 0.249048 0.021885 0.166565 0.258825 0.028335 0.166565 0.254873 
t 0.016904 0.173290 0.249048 0.028335 0.166565 0.254873 0.021885 0.173290 0.245995 
t 0.011506 0.173290 0.251284 0.014897 0.166565 0.261720 0.021885 0.166565 0.258825 
t 0.011506 0.173290 0.251284 0.021885 0.166565 0.258825 0.016904 0.173290 0.249048 
t 0.005825 0.173290 0.252648 0.007541 0.166565 0.263486 0.014897 0.166565 0.261720 
t 0.005825 0.173290 0.252648 0.014897 0.166565 0.261720 0.011506 0.173290 0.251284 
t 0.000000 0.173290 0.253106 0.000000 0.166565 0.264079 0.007541 0.166565 0.263486 
t 0.000000 0.173290 0.253106 0.007541 0.166565 0.263486 0.005825 0.173290 0.252648 
t -0.005825 0.173290 0.252648 -0.007541 0.166565 0.263486 0.000000 0.166565 0.264079 
t -0.005825 0.173290 0.252648 0.000000 0.166565 0.264079 0.000000 0.173290 0.253106 
t -0.011506 0.173290 0.251284 -0.014897 0.166565 0.261720 -0.007541 0.166565 0.263486 
t -0.011506 0.173290 0.251284 -0.007541 0.166565 0.263486 -0.005825 0.173290 0.252648 
t -0.016904 0.173290 0.249048 -0.021885 0.166565 0.258825 -0.014897 0.166565 0.261720 
t -0.016904 0.173290 0.249048 -0.014897 0.166565 0.261720 -0.011506 0.173290 0.251284 
t -0.021885 0.173290 0.245995 -0.028335 0.166565 0.254873 -0.021885 0.166565 0.258825 
t -0.021885 0.173290 0.245995 -0.021885 0.166565 0.258825 -0.016904 0.173290 0.249048 
t -0.026328 0.173290 0.242201 -0.034087 0.166565 0.249960 -0.028335 0.166565 0.254873 
t -0.026328 0.173290 0.242201 -0.028335 0.166565 0.254873 -0.021885 0.173290 0.245995 
t -0.030123 0.173290 0.237758 -0.039000 0.166565 0.244208 -0.034087 0.166565 0.249960 
t -0.030123 0.173290 0.237758 -0.034087 0.166565 0.249960 -0.026328 0.173290 0.242201 
t -0.033175 0.173290 0.232776 -0.042952 0.166565 0.237758 -0.039000 0.166565 0.244208 
t -0.033175 0.173290 0.232776 -0.039000 0.166565 0.244208 -0.030123 0.173290 0.237758 
t -0.035411 0.173290 0.227379 -0.045847 0.166565 0.230769 -0.042952 0.166565 0.237758 
t -0.035411 0.173290 0.227379 -0.042952 0.166565 0.237758 -0.033175 0.173290 0.232776 
t -0.036775 0.173290 0.221697 -0.047613 0.166565 0.223414 -0.045847 0.166565 0.230769 
t -0.036775 0.173290 0.221697 -0.045847 0.166565 0.230769 -0.035411 0.173290 0.227379 
t -0.037234 0.173290 0.215873 -0.048207 0.166565 0.215873 -0.047613 0.166565 0.223414 
t -0.037234 0.173290 0.215873 -0.047613 0.166565 0.223414 -0.036775 0.173290 0.221697 
t -0.036775 0.173290 0.210048 -0.047613 0.166565 0.208332 -0.048207 0.166565 0.215873 
t -0.036775 0.173290 0.210048 -0.048207 0.166565 0.215873 -0.037234 0.173290 0.215873 
t -0.035411 0.173290 0.204367 -0.045847 0.166565 0.200976 -0.047613 0.166565 0.208332 
t -0.035411 0.173290 0.204367 -0.047613 0.166565 0.208332 -0.036775 0.173290 0.210048 
t -0.033175 0.173290 0.198969 -0.042952 0.166565 0.193988 -0.045847 0.166565 0.200976 
t -0.033175 0.173290 0.198969 -0.045847 0.166565 0.200976 -0.035411 0.173290 0.204367 
t -0.030123 0.173290 0.193988 -0.039000 0.166565 0.187538 -0.042952 0.166565 0.193988 
t -0.030123 0.173290 0.193988 -0.042952 0.166565 0.193988 -0.033175 0.173290 0.198969 
t -0.026328 0.173290 0.189545 -0.034087 0.166565 0.181786 -0.039000 0.166565 0.187538 
t -0.026328 0.173290 0.189545 -0.039000 0.166565 0.187538 -0.030123 0.173290 0.193988 
t -0.021885 0.173290 0.185750 -0.028335 0.166565 0.176873 -0.034087 0.166565 0.181786 
t -0.021885 0.173290 0.185750 -0.034087 0.166565 0.181786 -0.026328 0.173290 0.189545 
t -0.016904 0.173290 0.182698 -0.021885 0.166565 0.172920 -0.028335 0.166565 0.176873 
t -0.016904 0.173290 0.182698 -0.028335 0.166565 0.176873 -0.021885 0.173290 0.185750 
t -0.011506 0.173290 0.180462 -0.014897 0.166565 0.170026 -0.021885 0.166565 0.172920 
t -0.011506 0.173290 0.180462 -0.021885 0.166565 0.172920 -0.016904 0.173290 0.182698 
t -0.005825 0.173290 0.179098 -0.007541 0.166565 0.168260 -0.014897 0.166565 0.170026 
t -0.005825 0.173290 0.179098 -0.014897 0.166565 0.170026 -0.011506 0.173290 0.180462 
t 0.000000 0.173290 0.178639 0.000000 0.166565 0.167666 -0.007541 0.166565 0.168260 
t 0.000000 0.173290 0.178639 -0.007541 0.166565 0.168260 -0.005825 0.173290 0.179098 
t 0.007541 0.166565 0.168260 0.009072 0.158207 0.158594 0.000000 0.158207 0.157880 
t 0.007541 0.166565 0.168260 0.000000 0.158207 0.157880 0.000000 0.166565 0.167666 
t 0.014897 0.166565 0.170026 0.017921 0.158207 0.160719 0.009072 0.158207 0.158594 
t 0.014897 0.166565 0.170026 0.009072 0.158207 0.158594 0.007541 0.166565 0.168260 
t 0.021885 0.166565 0.172920 0.026328 0.158207 0.164201 0.017921 0.158207 0.160719 
t 0.021885 0.166565 0.172920 0.017921 0.158207 0.160719 0.014897 0.166565 0.170026 
t 0.028335 0.166565 0.176873 0.034087 0.158207 0.168956 0.026328 0.158207 0.164201 
t 0.028335 0.166565 0.176873 0.026328 0.158207 0.164201 0.021885 0.166565 0.172920 
t 0.034087 0.166565 0.181786 0.041007 0.158207 0.174866 0.034087 0.158207 0.168956 
t 0.034087 0.166565 0.181786 0.034087 0.158207 0.168956 0.028335 0.166565 0.176873 
t 0.039000 0.166565 0.187538 0.046917 0.158207 0.181786 0.041007 0.158207 0.174866 
t 0.039000 0.166565 0.187538 0.041007 0.158207 0.174866 0.034087 0.166565 0.181786 
t 0.042952 0.166565 0.193987 0.051672 0.158207 0.189545 0.046917 0.158207 0.181786 
t 0.042952 0.166565 0.193987 0.046917 0.158207 0.181786 0.039000 0.166565 0.187538 
t 0.045847 0.166565 0.200976 0.055154 0.158207 0.197952 0.051672 0.158207 0.189545 
t 0.045847 0.166565 0.200976 0.051672 0.158207 0.189545 0.042952 0.166565 0.193987 
t 0.047613 0.166565 0.208332 0.057279 0.158207 0.206801 0.055154 0.158207 0.197952 
t 0.047613 0.166565 0.208332 0.055154 0.158207 0.197952 0.045847 0.166565 0.200976 
t 0.048207 0.166565 0.215873 0.057993 0.158207 0.215873 0.057279 0.158207 0.206801 
t 0.048207 0.166565 0.215873 0.057279 0.158207 0.206801 0.047613 0.166565 0.208332 
t 0.047613 0.166565 0.223414 0.057279 0.158207 0.224945 0.057993 0.158207 0.215873 
t 0.047613 0.166565 0.223414 0.057993 0.158207 0.215873 0.048207 0.166565 0.215873 
t 0.045847 0.166565 0.230769 0.055154 0.158207 0.233793 0.057279 0.158207 0.224945 
t 0.045847 0.166565 0.230769 0.057279 0.158207 0.224945 0.047613 0.166565 0.223414 
t 0.042952 0.166565 0.237758 0.051672 0.158207 0.242201 0.055154 0.158207 0.233793 
t 0.042952 0.166565 0.237758 0.055154 0.158207 0.233793 0.045847 0.166565 0.230769 
t 0.039000 0.166565 0.244208 0.046917 0.158207 0.249960 0.051672 0.158207 0.242201 
t 0.039000 0.166565 0.244208 0.051672 0.158207 0.242201 0.042952 0.166565 0.237758 
t 0.034087 0.166565 0.249960 0.041007 0.158207 0.256880 0.046917 0.158207 0.249960 
t 0.034087 0.166565 0.249960 0.046917 0.158207 0.249960 0.039000 0.166565 0.244208 
t 0.028335 0.166565 0.254873 0.034087 0.158207 0.262790 0.041007 0.158207 0.256880 
t 0.028335 0.166565 0.254873 0.041007 0.158207 0.256880 0.034087 0.166565 0.249960 
t 0.021885 0.166565 0.258825 0.026328 0.158207 0.267544 0.034087 0.158207 0.262790 
t 0.021885 0.166565 0.258825 0.034087 0.158207 0.262790 0.028335 0.166565 0.254873 
t 0.014897 0.166565 0.261720 0.017921 0.158207 0.271027 0.026328 0.158207 0.267544 
t 0.014897 0.166565 0.261720 0.026328 0.158207 0.267544 0.021885 0.166565 0.258825 
t 0.007541 0.166565 0.263486 0.009072 0.158207 0.273151 0.017921 0.158207 0.271027 
t 0.007541 0.166565 0.263486 0.017921 0.158207 0.271027 0.014897 0.166565 0.261720 
t 0.000000 0.166565 0.264079 0.000000 0.158207 0.273865 0.009072 0.158207 0.273151 
t 0.000000 0.166565 0.264079 0.009072 0.158207 0.273151 0.007541 0.166565 0.263486 
t -0.007541 0.166565 0.263486 -0.009072 0.158207 0.273151 0.000000 0.158207 0.273865 
t -0.007541 0.166565 0.263486 0.000000 0.158207 0.273865 0.000000 0.166565 0.264079 
t -0.014897 0.166565 0.261720 -0.017921 0.158207 0.271027 -0.009072 0.158207 0.273151 
t -0.014897 0.166565 0.261720 -0.009072 0.158207 0.273151 -0.007541 0.166565 0.263486 
t -0.021885 0.166565 0.258825 -0.026328 0.158207 0.267545 -0.017921 0.158207 0.271027 
t -0.021885 0.166565 0.258825 -0.017921 0.158207 0.271027 -0.014897 0.166565 0.261720 
t -0.028335 0.166565 0.254873 -0.034087 0.158207 0.262790 -0.026328 0.158207 0.267545 
t -0.028335 0.166565 0.254873 -0.026328 0.158207 0.267545 -0.021885 0.166565 0.258825 
t -0.034087 0.166565 0.249960 -0.041007 0.158207 0.256880 -0.034087 0.158207 0.262790 
t -0.034087 0.166565 0.249960 -0.034087 0.158207 0.262790 -0.028335 0.166565 0.254873 
t -0.039000 0.166565 0.244208 -0.046917 0.158207 0.249960 -0.041007 0.158207 0.256880 
t -0.039000 0.166565 0.244208 -0.041007 0.158207 0.256880 -0.034087 0.166565 0.249960 
t -0.042952 0.166565 0.237758 -0.051672 0.158207 0.242201 -0.046917 0.158207 0.249960 
t -0.042952 0.166565 0.237758 -0.046917 0.158207 0.249960 -0.039000 0.166565 0.244208 
t -0.045847 0.166565 0.230769 -0.055154 0.158207 0.233794 -0.051672 0.158207 0.242201 
t -0.045847 0.166565 0.230769 -0.051672 0.158207 0.242201 -0.042952 0.166565 0.237758 
t -0.047613 0.166565 0.223414 -0.057279 0.158207 0.224945 -0.055154 0.158207 0.233794 
t -0.047613 0.166565 0.223414 -0.055154 0.158207 0.233794 -0.045847 0.166565 0.230769 
t -0.048207 0.166565 0.215873 -0.057993 0.158207 0.215873 -0.057279 0.158207 0.224945 
t -0.048207 0.166565 0.215873 -0.057279 0.158207 0.224945 -0.047613 0.166565 0.223414 
t -0.047613 0.166565 0.208332 -0.057279 0.158207 0.206801 -0.057993 0.158207 0.215873 
t -0.047613 0.166565 0.208332 -0.057993 0.158207 0.215873 -0.048207 0.166565 0.215873 
t -0.045847 0.166565 0.200976 -0.055154 0.158207 0.197952 -0.057279 0.158207 0.206801 
t -0.045847 0.166565 0.200976 -0.057279 0.158207 0.206801 -0.047613 0.166565 0.208332 
t -0.042952 0.166565 0.193988 -0.051672 0.158207 0.189545 -0.055154 0.158207 0.197952 
t -0.042952 0.166565 0.193988 -0.055154 0.158207 0.197952 -0.045847 0.166565 0.200976 
t -0.039000 0.166565 0.187538 -0.046917 0.158207 0.181786 -0.051672 0.158207 0.189545 
t -0.039000 0.166565 0.187538 -0.051672 0.158207 0.189545 -0.042952 0.166565 0.193988 
t -0.034087 0.166565 0.181786 -0.041007 0.158207 0.174866 -0.046917 0.158207 0.181786 
t -0.034087 0.166565 0.181786 -0.046917 0.158207 0.181786 -0.039000 0.166565 0.187538 
t -0.028335 0.166565 0.176873 -0.034087 0.158207 0.168956 -0.041007 0.158207 0.174866 
t -0.028335 0.166565 0.176873 -0.041007 0.158207 0.174866 -0.034087 0.166565 0.181786 
t -0.021885 0.166565 0.172920 -0.026328 0.158207 0.164201 -0.034087 0.158207 0.168956 
t -0.021885 0.166565 0.172920 -0.034087 0.158207 0.168956 -0.028335 0.166565 0.176873 
t -0.014897 0.166565 0.170026 -0.017921 0.158207 0.160719 -0.026328 0.158207 0.164201 
t -0.014897 0.166565 0.170026 -0.026328 0.158207 0.164201 -0.021885 0.166565 0.172920 
t -0.007541 0.166565 0.168260 -0.009072 0.158207 0.158594 -0.017921 0.158207 0.160719 
t -0.007541 0.166565 0.168260 -0.017921 0.158207 0.160719 -0.014897 0.166565 0.170026 
t 0.000000 0.166565 0.167666 0.000000 0.158207 0.157880 -0.009072 0.158207 0.158594 
t 0.000000 0.166565 0.167666 -0.009072 0.158207 0.158594 -0.007541 0.166565 0.168260 
t 0.009072 0.158207 0.158594 0.010379 0.148421 0.150339 0.000000 0.148421 0.149522 
t 0.009072 0.158207 0.158594 0.000000 0.148421 0.149522 0.000000 0.158207 0.157880 
t 0.017921 0.158207 0.160719 0.020503 0.148421 0.152770 0.010379 0.148421 0.150339 
t 0.017921 0.158207 0.160719 0.010379 0.148421 0.150339 0.009072 0.158207 0.158594 
t 0.026328 0.158207 0.164201 0.030123 0.148421 0.156754 0.020503 0.148421 0.152770 
t 0.026328 0.158207 0.164201 0.020503 0.148421 0.152770 0.017921 0.158207 0.160719 
t 0.034087 0.158207 0.168956 0.039000 0.148421 0.162194 0.030123 0.148421 0.156754 
t 0.034087 0.158207 0.168956 0.030123 0.148421 0.156754 0.026328 0.158207 0.164201 
t 0.041007 0.158207 0.174866 0.046917 0.148421 0.168956 0.039000 0.148421 0.162194 
t 0.041007 0.158207 0.174866 0.039000 0.148421 0.162194 0.034087 0.158207 0.168956 
t 0.046917 0.158207 0.181786 0.053679 0.148421 0.176873 0.046917 0.148421 0.168956 
t 0.046917 0.158207 0.181786 0.046917 0.148421 0.168956 0.041007 0.158207 0.174866 
t 0.051672 0.158207 0.189545 0.059119 0.148421 0.185750 0.053679 0.148421 0.176873 
t 0.051672 0.158207 0.189545 0.053679 0.148421 0.176873 0.046917 0.158207 0.181786 
t 0.055154 0.158207 0.197952 0.063103 0.148421 0.195369 0.059119 0.148421 0.185750 
t 0.055154 0.158207 0.197952 0.059119 0.148421 0.185750 0.051672 0.158207 0.189545 
t 0.057279 0.158207 0.206801 0.065534 0.148421 0.205493 0.063103 0.148421 0.195369 
t 0.057279 0.158207 0.206801 0.063103 0.148421 0.195369 0.055154 0.158207 0.197952 
t 0.057993 0.158207 0.215873 0.066351 0.148421 0.215873 0.065534 0.148421 0.205493 
t 0.057993 0.158207 0.215873 0.065534 0.148421 0.205493 0.057279 0.158207 0.206801 
t 0.057279 0.158207 0.224945 0.065534 0.148421 0.226252 0.066351 0.148421 0.215873 
t 0.057279 0.158207 0.224945 0.066351 0.148421 0.215873 0.057993 0.158207 0.215873 
t 0.055154 0.158207 0.233793 0.063103 0.148421 0.236376 0.065534 0.148421 0.226252 
t 0.055154 0.158207 0.233793 0.065534 0.148421 0.226252 0.057279 0.158207 0.224945 
t 0.051672 0.158207 0.242201 0.059119 0.148421 0.245995 0.063103 0.148421 0.236376 
t 0.051672 0.158207 0.242201 0.063103 0.148421 0.236376 0.055154 0.158207 0.233793 
t 0.046917 0.158207 0.249960 0.053679 0.148421 0.254873 0.059119 0.148421 0.245995 
t 0.046917 0.158207 0.249960 0.059119 0.148421 0.245995 0.051672 0.158207 0.242201 
t 0.041007 0.158207 0.256880 0.046917 0.148421 0.262790 0.053679 0.148421 0.254873 
t 0.041007 0.158207 0.256880 0.053679 0.148421 0.254873 0.046917 0.158207 0.249960 
t 0.034087 0.158207 0.262790 0.039000 0.148421 0.269551 0.046917 0.148421 0.262790 
t 0.034087 0.158207 0.262790 0.046917 0.148421 0.262790 0.041007 0.158207 0.256880 
t 0.026328 0.158207 0.267544 0.030123 0.148421 0.274992 0.039000 0.148421 0.269551 
t 0.026328 0.158207 0.267544 0.039000 0.148421 0.269551 0.034087 0.158207 0.262790 
t 0.017921 0.158207 0.271027 0.020504 0.148421 0.278976 0.030123 0.148421 0.274992 
t 0.017921 0.158207 0.271027 0.030123 0.148421 0.274992 0.026328 0.158207 0.267544 
t 0.009072 0.158207 0.273151 0.010380 0.148421 0.281407 0.020504 0.148421 0.278976 
t 0.009072 0.158207 0.273151 0.020504 0.148421 0.278976 0.017921 0.158207 0.271027 
t 0.000000 0.158207 0.273865 0.000000 0.148421 0.282223 0.010380 0.148421 0.281407 
t 0.000000 0.158207 0.273865 0.010380 0.148421 0.281407 0.009072 0.158207 0.273151 
t -0.009072 0.158207 0.273151 -0.010379 0.148421 0.281407 0.000000 0.148421 0.282223 
t -0.009072 0.158207 0.273151 0.000000 0.148421 0.282223 0.000000 0.158207 0.273865 
t -0.017921 0.158207 0.271027 -0.020503 0.148421 0.278976 -0.010379 0.148421 0.281407 
t -0.017921 0.158207 0.271027 -0.010379 0.148421 0.281407 -0.009072 0.158207 0.273151 
t -0.026328 0.158207 0.267545 -0.030123 0.148421 0.274992 -0.020503 0.148421 0.278976 
t -0.026328 0.158207 0.267545 -0.020503 0.148421 0.278976 -0.017921 0.158207 0.271027 
t -0.034087 0.158207 0.262790 -0.039000 0.148421 0.269552 -0.030123 0.148421 0.274992 
t -0.034087 0.158207 0.262790 -0.030123 0.148421 0.274992 -0.026328 0.158207 0.267545 
t -0.041007 0.158207 0.256880 -0.046917 0.148421 0.262790 -0.039000 0.148421 0.269552 
t -0.041007 0.158207 0.256880 -0.039000 0.148421 0.269552 -0.034087 0.158207 0.262790 
t -0.046917 0.158207 0.249960 -0.053679 0.148421 0.254873 -0.046917 0.148421 0.262790 
t -0.046917 0.158207 0.249960 -0.046917 0.148421 0.262790 -0.041007 0.158207 0.256880 
t -0.051672 0.158207 0.242201 -0.059119 0.148421 0.245995 -0.053679 0.148421 0.254873 
t -0.051672 0.158207 0.242201 -0.053679 0.148421 0.254873 -0.046917 0.158207 0.249960 
t -0.055154 0.158207 0.233794 -0.063103 0.148421 0.236376 -0.059119 0.148421 0.245995 
t -0.055154 0.158207 0.233794 -0.059119 0.148421 0.245995 -0.051672 0.158207 0.242201 
t -0.057279 0.158207 0.224945 -0.065534 0.148421 0.226252 -0.063103 0.148421 0.236376 
t -0.057279 0.158207 0.224945 -0.063103 0.148421 0.236376 -0.055154 0.158207 0.233794 
t -0.057993 0.158207 0.215873 -0.066351 0.148421 0.215873 -0.065534 0.148421 0.226252 
t -0.057993 0.158207 0.215873 -0.065534 0.148421 0.226252 -0.057279 0.158207 0.224945 
t -0.057279 0.158207 0.206801 -0.065534 0.148421 0.205493 -0.066351 0.148421 0.215873 
t -0.057279 0.158207 0.206801 -0.066351 0.148421 0.215873 -0.057993 0.158207 0.215873 
t -0.055154 0.158207 0.197952 -0.063103 0.148421 0.195369 -0.065534 0.148421 0.205493 
t -0.055154 0.158207 0.197952 -0.065534 0.148421 0.205493 -0.057279 0.158207 0.206801 
t -0.051672 0.158207 0.189545 -0.059119 0.148421 0.185750 -0.063103 0.148421 0.195369 
t -0.051672 0.158207 0.189545 -0.063103 0.148421 0.195369 -0.055154 0.158207 0.197952 
t -0.046917 0.158207 0.181786 -0.053679 0.148421 0.176873 -0.059119 0.148421 0.185750 
t -0.046917 0.158207 0.181786 -0.059119 0.148421 0.185750 -0.051672 0.158207 0.189545 
t -0.041007 0.158207 0.174866 -0.046917 0.148421 0.168956 -0.053679 0.148421 0.176873 
t -0.041007 0.158207 0.174866 -0.053679 0.148421 0.176873 -0.046917 0.158207 0.181786 
t -0.034087 0.158207 0.168956 -0.039000 0.148421 0.162194 -0.046917 0.148421 0.168956 
t -0.034087 0.158207 0.168956 -0.046917 0.148421 0.168956 -0.041007 0.158207 0.174866 
t -0.026328 0.158207 0.164201 -0.030123 0.148421 0.156754 -0.039000 0.148421 0.162194 
t -0.026328 0.158207 0.164201 -0.039000 0.148421 0.162194 -0.034087 0.158207 0.168956 
t -0.017921 0.158207 0.160719 -0.020504 0.148421 0.152770 -0.030123 0.148421 0.156754 
t -0.017921 0.158207 0.160719 -0.030123 0.148421 0.156754 -0.026328 0.158207 0.164201 
t -0.009072 0.158207 0.158594 -0.010380 0.148421 0.150339 -0.020504 0.148421 0.152770 
t -0.009072 0.158207 0.158594 -0.020504 0.148421 0.152770 -0.017921 0.158207 0.160719 
t 0.000000 0.158207 0.157880 0.000000 0.148421 0.149522 -0.010380 0.148421 0.150339 
t 0.000000 0.158207 0.157880 -0.010380 0.148421 0.150339 -0.009072 0.158207 0.158594 
t 0.010379 0.148421 0.150339 0.011431 0.137448 0.143698 0.000000 0.137448 0.142798 
t 0.010379 0.148421 0.150339 0.000000 0.137448 0.142798 0.000000 0.148421 0.149522 
t 0.020503 0.148421 0.152770 0.022581 0.137448 0.146374 0.011431 0.137448 0.143698 
t 0.020503 0.148421 0.152770 0.011431 0.137448 0.143698 0.010379 0.148421 0.150339 
t 0.030123 0.148421 0.156754 0.033175 0.137448 0.150762 0.022581 0.137448 0.146374 
t 0.030123 0.148421 0.156754 0.022581 0.137448 0.146374 0.020503 0.148421 0.152770 
t 0.039000 0.148421 0.162194 0.042952 0.137448 0.156754 0.033175 0.137448 0.150762 
t 0.039000 0.148421 0.162194 0.033175 0.137448 0.150762 0.030123 0.148421 0.156754 
t 0.046917 0.148421 0.168956 0.051672 0.137448 0.164201 0.042952 0.137448 0.156754 
t 0.046917 0.148421 0.168956 0.042952 0.137448 0.156754 0.039000 0.148421 0.162194 
t 0.053679 0.148421 0.176873 0.059119 0.137448 0.172920 0.051672 0.137448 0.164201 
t 0.053679 0.148421 0.176873 0.051672 0.137448 0.164201 0.046917 0.148421 0.168956 
t 0.059119 0.148421 0.185750 0.065110 0.137448 0.182697 0.059119 0.137448 0.172920 
t 0.059119 0.148421 0.185750 0.059119 0.137448 0.172920 0.053679 0.148421 0.176873 
t 0.063103 0.148421 0.195369 0.069498 0.137448 0.193291 0.065110 0.137448 0.182697 
t 0.063103 0.148421 0.195369 0.065110 0.137448 0.182697 0.059119 0.148421 0.185750 
t 0.065534 0.148421 0.205493 0.072175 0.137448 0.204441 0.069498 0.137448 0.193291 
t 0.065534 0.148421 0.205493 0.069498 0.137448 0.193291 0.063103 0.148421 0.195369 
t 0.066351 0.148421 0.215873 0.073075 0.137448 0.215873 0.072175 0.137448 0.204441 
t 0.066351 0.148421 0.215873 0.072175 0.137448 0.204441 0.065534 0.148421 0.205493 
t 0.065534 0.148421 0.226252 0.072175 0.137448 0.227304 0.073075 0.137448 0.215873 
t 0.065534 0.148421 0.226252 0.073075 0.137448 0.215873 0.066351 0.148421 0.215873 
t 0.063103 0.148421 0.236376 0.069498 0.137448 0.238454 0.072175 0.137448 0.227304 
t 0.063103 0.148421 0.236376 0.072175 0.137448 0.227304 0.065534 0.148421 0.226252 
t 0.059119 0.148421 0.245995 0.065110 0.137448 0.249048 0.069498 0.137448 0.238454 
t 0.059119 0.148421 0.245995 0.069498 0.137448 0.238454 0.063103 0.148421 0.236376 
t 0.053679 0.148421 0.254873 0.059119 0.137448 0.258825 0.065110 0.137448 0.249048 
t 0.053679 0.148421 0.254873 0.065110 0.137448 0.249048 0.059119 0.148421 0.245995 
t 0.046917 0.148421 0.262790 0.051672 0.137448 0.267544 0.059119 0.137448 0.258825 
t 0.046917 0.148421 0.262790 0.059119 0.137448 0.258825 0.053679 0.148421 0.254873 
t 0.039000 0.148421 0.269551 0.042952 0.137448 0.274992 0.051672 0.137448 0.267544 
t 0.039000 0.148421 0.269551 0.051672 0.137448 0.267544 0.046917 0.148421 0.262790 
t 0.030123 0.148421 0.274992 0.033175 0.137448 0.280983 0.042952 0.137448 0.274992 
t 0.030123 0.148421 0.274992 0.042952 0.137448 0.274992 0.039000 0.148421 0.269551 
t 0.020504 0.148421 0.278976 0.022581 0.137448 0.285371 0.033175 0.137448 0.280983 
t 0.020504 0.148421 0.278976 0.033175 0.137448 0.280983 0.030123 0.148421 0.274992 
t 0.010380 0.148421 0.281407 0.011431 0.137448 0.288048 0.022581 0.137448 0.285371 
t 0.010380 0.148421 0.281407 0.022581 0.137448 0.285371 0.020504 0.148421 0.278976 
t 0.000000 0.148421 0.282223 0.000000 0.137448 0.288948 0.011431 0.137448 0.288048 
t 0.000000 0.148421 0.282223 0.011431 0.137448 0.288048 0.010380 0.148421 0.281407 
t -0.010379 0.148421 0.281407 -0.011431 0.137448 0.288048 0.000000 0.137448 0.288948 
t -0.010379 0.148421 0.281407 0.000000 0.137448 0.288948 0.000000 0.148421 0.282223 
t -0.020503 0.148421 0.278976 -0.022581 0.137448 0.285371 -0.011431 0.137448 0.288048 
t -0.020503 0.148421 0.278976 -0.011431 0.137448 0.288048 -0.010379 0.148421 0.281407 
t -0.030123 0.148421 0.274992 -0.033175 0.137448 0.280983 -0.022581 0.137448 0.285371 
t -0.030123 0.148421 0.274992 -0.022581 0.137448 0.285371 -0.020503 0.148421 0.278976 
t -0.039000 0.148421 0.269552 -0.042952 0.137448 0.274992 -0.033175 0.137448 0.280983 
t -0.039000 0.148421 0.269552 -0.033175 0.137448 0.280983 -0.030123 0.148421 0.274992 
t -0.046917 0.148421 0.262790 -0.051672 0.137448 0.267545 -0.042952 0.137448 0.274992 
t -0.046917 0.148421 0.262790 -0.042952 0.137448 0.274992 -0.039000 0.148421 0.269552 
t -0.053679 0.148421 0.254873 -0.059119 0.137448 0.258825 -0.051672 0.137448 0.267545 
t -0.053679 0.148421 0.254873 -0.051672 0.137448 0.267545 -0.046917 0.148421 0.262790 
t -0.059119 0.148421 0.245995 -0.065110 0.137448 0.249048 -0.059119 0.137448 0.258825 
t -0.059119 0.148421 0.245995 -0.059119 0.137448 0.258825 -0.053679 0.148421 0.254873 
t -0.063103 0.148421 0.236376 -0.069498 0.137448 0.238454 -0.065110 0.137448 0.249048 
t -0.063103 0.148421 0.236376 -0.065110 0.137448 0.249048 -0.059119 0.148421 0.245995 
t -0.065534 0.148421 0.226252 -0.072175 0.137448 0.227304 -0.069498 0.137448 0.238454 
t -0.065534 0.148421 0.226252 -0.069498 0.137448 0.238454 -0.063103 0.148421 0.236376 
t -0.066351 0.148421 0.215873 -0.073075 0.137448 0.215873 -0.072175 0.137448 0.227304 
t -0.066351 0.148421 0.215873 -0.072175 0.137448 0.227304 -0.065534 0.148421 0.226252 
t -0.065534 0.148421 0.205493 -0.072175 0.137448 0.204441 -0.073075 0.137448 0.215873 
t -0.065534 0.148421 0.205493 -0.073075 0.137448 0.215873 -0.066351 0.148421 0.215873 
t -0.063103 0.148421 0.195369 -0.069498 0.137448 0.193291 -0.072175 0.137448 0.204441 
t -0.063103 0.148421 0.195369 -0.072175 0.137448 0.204441 -0.065534 0.148421 0.205493 
t -0.059119 0.148421 0.185750 -0.065110 0.137448 0.182698 -0.069498 0.137448 0.193291 
t -0.059119 0.148421 0.185750 -0.069498 0.137448 0.193291 -0.063103 0.148421 0.195369 
t -0.053679 0.148421 0.176873 -0.059119 0.137448 0.172920 -0.065110 0.137448 0.182698 
t -0.053679 0.148421 0.176873 -0.065110 0.137448 0.182698 -0.059119 0.148421 0.185750 
t -0.046917 0.148421 0.168956 -0.051672 0.137448 0.164201 -0.059119 0.137448 0.172920 
t -0.046917 0.148421 0.168956 -0.059119 0.137448 0.172920 -0.053679 0.148421 0.176873 
t -0.039000 0.148421 0.162194 -0.042952 0.137448 0.156754 -0.051672 0.137448 0.164201 
t -0.039000 0.148421 0.162194 -0.051672 0.137448 0.164201 -0.046917 0.148421 0.168956 
t -0.030123 0.148421 0.156754 -0.033175 0.137448 0.150763 -0.042952 0.137448 0.156754 
t -0.030123 0.148421 0.156754 -0.042952 0.137448 0.156754 -0.039000 0.148421 0.162194 
t -0.020504 0.148421 0.152770 -0.022581 0.137448 0.146374 -0.033175 0.137448 0.150763 
t -0.020504 0.148421 0.152770 -0.033175 0.137448 0.150763 -0.030123 0.148421 0.156754 
t -0.010380 0.148421 0.150339 -0.011432 0.137448 0.143698 -0.022581 0.137448 0.146374 
t -0.010380 0.148421 0.150339 -0.022581 0.137448 0.146374 -0.020504 0.148421 0.152770 
t 0.000000 0.148421 0.149522 0.000000 0.137448 0.142798 -0.011432 0.137448 0.143698 
t 0.000000 0.148421 0.149522 -0.011432 0.137448 0.143698 -0.010380 0.148421 0.150339 
t 0.011431 0.137448 0.143698 0.012202 0.125558 0.138833 0.000000 0.125558 0.137873 
t 0.011431 0.137448 0.143698 0.000000 0.125558 0.137873 0.000000 0.137448 0.142798 
t 0.022581 0.137448 0.146374 0.024103 0.125558 0.141691 0.012202 0.125558 0.138833 
t 0.022581 0.137448 0.146374 0.012202 0.125558 0.138833 0.011431 0.137448 0.143698 
t 0.033175 0.137448 0.150762 0.035411 0.125558 0.146374 0.024103 0.125558 0.141691 
t 0.033175 0.137448 0.150762 0.024103 0.125558 0.141691 0.022581 0.137448 0.146374 
t 0.042952 0.137448 0.156754 0.045847 0.125558 0.152769 0.035411 0.125558 0.146374 
t 0.042952 0.137448 0.156754 0.035411 0.125558 0.146374 0.033175 0.137448 0.150762 
t 0.051672 0.137448 0.164201 0.055154 0.125558 0.160719 0.045847 0.125558 0.152769 
t 0.051672 0.137448 0.164201 0.045847 0.125558 0.152769 0.042952 0.137448 0.156754 
t 0.059119 0.137448 0.172920 0.063103 0.125558 0.170025 0.055154 0.125558 0.160719 
t 0.059119 0.137448 0.172920 0.055154 0.125558 0.160719 0.051672 0.137448 0.164201 
t 0.065110 0.137448 0.182697 0.069498 0.125558 0.180462 0.063103 0.125558 0.170025 
t 0.065110 0.137448 0.182697 0.063103 0.125558 0.170025 0.059119 0.137448 0.172920 
t 0.069498 0.137448 0.193291 0.074182 0.125558 0.191769 0.069498 0.125558 0.180462 
t 0.069498 0.137448 0.193291 0.069498 0.125558 0.180462 0.065110 0.137448 0.182697 
t 0.072175 0.137448 0.204441 0.077039 0.125558 0.203671 0.074182 0.125558 0.191769 
t 0.072175 0.137448 0.204441 0.074182 0.125558 0.191769 0.069498 0.137448 0.193291 
t 0.073075 0.137448 0.215873 0.078000 0.125558 0.215873 0.077039 0.125558 0.203671 
t 0.073075 0.137448 0.215873 0.077039 0.125558 0.203671 0.072175 0.137448 0.204441 
t 0.072175 0.137448 0.227304 0.077040 0.125558 0.228075 0.078000 0.125558 0.215873 
t 0.072175 0.137448 0.227304 0.078000 0.125558 0.215873 0.073075 0.137448 0.215873 
t 0.069498 0.137448 0.238454 0.074182 0.125558 0.239976 0.077040 0.125558 0.228075 
t 0.069498 0.137448 0.238454 0.077040 0.125558 0.228075 0.072175 0.137448 0.227304 
t 0.065110 0.137448 0.249048 0.069498 0.125558 0.251284 0.074182 0.125558 0.239976 
t 0.065110 0.137448 0.249048 0.074182 0.125558 0.239976 0.069498 0.137448 0.238454 
t 0.059119 0.137448 0.258825 0.063103 0.125558 0.261720 0.069498 0.125558 0.251284 
t 0.059119 0.137448 0.258825 0.069498 0.125558 0.251284 0.065110 0.137448 0.249048 
t 0.051672 0.137448 0.267544 0.055154 0.125558 0.271027 0.063103 0.125558 0.261720 
t 0.051672 0.137448 0.267544 0.063103 0.125558 0.261720 0.059119 0.137448 0.258825 
t 0.042952 0.137448 0.274992 0.045847 0.125558 0.278976 0.055154 0.125558 0.271027 
t 0.042952 0.137448 0.274992 0.055154 0.125558 0.271027 0.051672 0.137448 0.267544 
t 0.033175 0.137448 0.280983 0.035411 0.125558 0.285371 0.045847 0.125558 0.278976 
t 0.033175 0.137448 0.280983 0.045847 0.125558 0.278976 0.042952 0.137448 0.274992 
t 0.022581 0.137448 0.285371 0.024103 0.125558 0.290055 0.035411 0.125558 0.285371 
t 0.022581 0.137448 0.285371 0.035411 0.125558 0.285371 0.033175 0.137448 0.280983 
t 0.011431 0.137448 0.288048 0.012202 0.125558 0.292912 0.024103 0.125558 0.290055 
t 0.011431 0.137448 0.288048 0.024103 0.125558 0.290055 0.022581 0.137448 0.285371 
t 0.000000 0.137448 0.288948 0.000000 0.125558 0.293873 0.012202 0.125558 0.292912 
t 0.000000 0.137448 0.288948 0.012202 0.125558 0.292912 0.011431 0.137448 0.288048 
t -0.011431 0.137448 0.288048 -0.012202 0.125558 0.292912 0.000000 0.125558 0.293873 
t -0.011431 0.137448 0.288048 0.000000 0.125558 0.293873 0.000000 0.137448 0.288948 
t -0.022581 0.137448 0.285371 -0.024103 0.125558 0.290055 -0.012202 0.125558 0.292912 
t -0.022581 0.137448 0.285371 -0.012202 0.125558 0.292912 -0.011431 0.137448 0.288048 
t -0.033175 0.137448 0.280983 -0.035411 0.125558 0.285371 -0.024103 0.125558 0.290055 
t -0.033175 0.137448 0.280983 -0.024103 0.125558 0.290055 -0.022581 0.137448 0.285371 
t -0.042952 0.137448 0.274992 -0.045847 0.125558 0.278976 -0.035411 0.125558 0.285371 
t -0.042952 0.137448 0.274992 -0.035411 0.125558 0.285371 -0.033175 0.137448 0.280983 
t -0.051672 0.137448 0.267545 -0.055154 0.125558 0.271027 -0.045847 0.125558 0.278976 
t -0.051672 0.137448 0.267545 -0.045847 0.125558 0.278976 -0.042952 0.137448 0.274992 
t -0.059119 0.137448 0.258825 -0.063103 0.125558 0.261720 -0.055154 0.125558 0.271027 
t -0.059119 0.137448 0.258825 -0.055154 0.125558 0.271027 -0.051672 0.137448 0.267545 
t -0.065110 0.137448 0.249048 -0.069498 0.125558 0.251284 -0.063103 0.125558 0.261720 
t -0.065110 0.137448 0.249048 -0.063103 0.125558 0.261720 -0.059119 0.137448 0.258825 
t -0.069498 0.137448 0.238454 -0.074182 0.125558 0.239976 -0.069498 0.125558 0.251284 
t -0.069498 0.137448 0.238454 -0.069498 0.125558 0.251284 -0.065110 0.137448 0.249048 
t -0.072175 0.137448 0.227304 -0.077039 0.125558 0.228075 -0.074182 0.125558 0.239976 
t -0.072175 0.137448 0.227304 -0.074182 0.125558 0.239976 -0.069498 0.137448 0.238454 
t -0.073075 0.137448 0.215873 -0.078000 0.125558 0.215873 -0.077039 0.125558 0.228075 
t -0.073075 0.137448 0.215873 -0.077039 0.125558 0.228075 -0.072175 0.137448 0.227304 
t -0.072175 0.137448 0.204441 -0.077040 0.125558 0.203671 -0.078000 0.125558 0.215873 
t -0.072175 0.137448 0.204441 -0.078000 0.125558 0.215873 -0.073075 0.137448 0.215873 
t -0.069498 0.137448 0.193291 -0.074182 0.125558 0.191770 -0.077040 0.125558 0.203671 
t -0.069498 0.137448 0.193291 -0.077040 0.125558 0.203671 -0.072175 0.137448 0.204441 
t -0.065110 0.137448 0.182698 -0.069498 0.125558 0.180462 -0.074182 0.125558 0.191770 
t -0.065110 0.137448 0.182698 -0.074182 0.125558 0.191770 -0.069498 0.137448 0.193291 
t -0.059119 0.137448 0.172920 -0.063103 0.125558 0.170026 -0.069498 0.125558 0.180462 
t -0.059119 0.137448 0.172920 -0.069498 0.125558 0.180462 -0.065110 0.137448 0.182698 
t -0.051672 0.137448 0.164201 -0.055154 0.125558 0.160719 -0.063103 0.125558 0.170026 
t -0.051672 0.137448 0.164201 -0.063103 0.125558 0.170026 -0.059119 0.137448 0.172920 
t -0.042952 0.137448 0.156754 -0.045847 0.125558 0.152770 -0.055154 0.125558 0.160719 
t -0.042952 0.137448 0.156754 -0.055154 0.125558 0.160719 -0.051672 0.137448 0.164201 
t -0.033175 0.137448 0.150763 -0.035411 0.125558 0.146374 -0.045847 0.125558 0.152770 
t -0.033175 0.137448 0.150763 -0.045847 0.125558 0.152770 -0.042952 0.137448 0.156754 
t -0.022581 0.137448 0.146374 -0.024103 0.125558 0.141691 -0.035411 0.125558 0.146374 
t -0.022581 0.137448 0.146374 -0.035411 0.125558 0.146374 -0.033175 0.137448 0.150763 
t -0.011432 0.137448 0.143698 -0.012202 0.125558 0.138833 -0.024103 0.125558 0.141691 
t -0.011432 0.137448 0.143698 -0.024103 0.125558 0.141691 -0.022581 0.137448 0.146374 
t 0.000000 0.137448 0.142798 0.000000 0.125558 0.137873 -0.012202 0.125558 0.138833 
t 0.000000 0.137448 0.142798 -0.012202 0.125558 0.138833 -0.011432 0.137448 0.143698 
t 0.012202 0.125558 0.138833 0.012672 0.113045 0.135866 0.000000 0.113045 0.134869 
t 0.012202 0.125558 0.138833 0.000000 0.113045 0.134869 0.000000 0.125558 0.137873 
t 0.024103 0.125558 0.141691 0.025032 0.113045 0.138833 0.012672 0.113045 0.135866 
t 0.024103 0.125558 0.141691 0.012672 0.113045 0.135866 0.012202 0.125558 0.138833 
t 0.035411 0.125558 0.146374 0.036775 0.113045 0.143698 0.025032 0.113045 0.138833 
t 0.035411 0.125558 0.146374 0.025032 0.113045 0.138833 0.024103 0.125558 0.141691 
t 0.045847 0.125558 0.152769 0.047613 0.113045 0.150339 0.036775 0.113045 0.143698 
t 0.045847 0.125558 0.152769 0.036775 0.113045 0.143698 0.035411 0.125558 0.146374 
t 0.055154 0.125558 0.160719 0.057279 0.113045 0.158594 0.047613 0.113045 0.150339 
t 0.055154 0.125558 0.160719 0.047613 0.113045 0.150339 0.045847 0.125558 0.152769 
t 0.063103 0.125558 0.170025 0.065534 0.113045 0.168260 0.057279 0.113045 0.158594 
t 0.063103 0.125558 0.170025 0.057279 0.113045 0.158594 0.055154 0.125558 0.160719 
t 0.069498 0.125558 0.180462 0.072175 0.113045 0.179098 0.065534 0.113045 0.168260 
t 0.069498 0.125558 0.180462 0.065534 0.113045 0.168260 0.063103 0.125558 0.170025 
t 0.074182 0.125558 0.191769 0.077039 0.113045 0.190841 0.072175 0.113045 0.179098 
t 0.074182 0.125558 0.191769 0.072175 0.113045 0.179098 0.069498 0.125558 0.180462 
t 0.077039 0.125558 0.203671 0.080007 0.113045 0.203201 0.077039 0.113045 0.190841 
t 0.077039 0.125558 0.203671 0.077039 0.113045 0.190841 0.074182 0.125558 0.191769 
t 0.078000 0.125558 0.215873 0.081004 0.113045 0.215873 0.080007 0.113045 0.203201 
t 0.078000 0.125558 0.215873 0.080007 0.113045 0.203201 0.077039 0.125558 0.203671 
t 0.077040 0.125558 0.228075 0.080007 0.113045 0.228544 0.081004 0.113045 0.215873 
t 0.077040 0.125558 0.228075 0.081004 0.113045 0.215873 0.078000 0.125558 0.215873 
t 0.074182 0.125558 0.239976 0.077040 0.113045 0.240904 0.080007 0.113045 0.228544 
t 0.074182 0.125558 0.239976 0.080007 0.113045 0.228544 0.077040 0.125558 0.228075 
t 0.069498 0.125558 0.251284 0.072175 0.113045 0.252648 0.077040 0.113045 0.240904 
t 0.069498 0.125558 0.251284 0.077040 0.113045 0.240904 0.074182 0.125558 0.239976 
t 0.063103 0.125558 0.261720 0.065534 0.113045 0.263486 0.072175 0.113045 0.252648 
t 0.063103 0.125558 0.261720 0.072175 0.113045 0.252648 0.069498 0.125558 0.251284 
t 0.055154 0.125558 0.271027 0.057279 0.113045 0.273151 0.065534 0.113045 0.263486 
t 0.055154 0.125558 0.271027 0.065534 0.113045 0.263486 0.063103 0.125558 0.261720 
t 0.045847 0.125558 0.278976 0.047613 0.113045 0.281406 0.057279 0.113045 0.273151 
t 0.045847 0.125558 0.278976 0.057279 0.113045 0.273151 0.055154 0.125558 0.271027 
t 0.035411 0.125558 0.285371 0.036775 0.113045 0.288048 0.047613 0.113045 0.281406 
t 0.035411 0.125558 0.285371 0.047613 0.113045 0.281406 0.045847 0.125558 0.278976 
t 0.024103 0.125558 0.290055 0.025032 0.113045 0.292912 0.036775 0.113045 0.288048 
t 0.024103 0.125558 0.290055 0.036775 0.113045 0.288048 0.035411 0.125558 0.285371 
t 0.012202 0.125558 0.292912 0.012672 0.113045 0.295880 0.025032 0.113045 0.292912 
t 0.012202 0.125558 0.292912 0.025032 0.113045 0.292912 0.024103 0.125558 0.290055 
t 0.000000 0.125558 0.293873 0.000000 0.113045 0.296877 0.012672 0.113045 0.295880 
t 0.000000 0.125558 0.293873 0.012672 0.113045 0.295880 0.012202 0.125558 0.292912 
t -0.012202 0.125558 0.292912 -0.012672 0.113045 0.295880 0.000000 0.113045 0.296877 
t -0.012202 0.125558 0.292912 0.000000 0.113045 0.296877 0.000000 0.125558 0.293873 
t -0.024103 0.125558 0.290055 -0.025032 0.113045 0.292912 -0.012672 0.113045 0.295880 
t -0.024103 0.125558 0.290055 -0.012672 0.113045 0.295880 -0.012202 0.125558 0.292912 
t -0.035411 0.125558 0.285371 -0.036775 0.113045 0.288048 -0.025032 0.113045 0.292912 
t -0.035411 0.125558 0.285371 -0.025032 0.113045 0.292912 -0.024103 0.125558 0.290055 
t -0.045847 0.125558 0.278976 -0.047613 0.113045 0.281407 -0.036775 0.113045 0.288048 
t -0.045847 0.125558 0.278976 -0.036775 0.113045 0.288048 -0.035411 0.125558 0.285371 
t -0.055154 0.125558 0.271027 -0.057279 0.113045 0.273151 -0.047613 0.113045 0.281407 
t -0.055154 0.125558 0.271027 -0.047613 0.113045 0.281407 -0.045847 0.125558 0.278976 
t -0.063103 0.125558 0.261720 -0.065534 0.113045 0.263486 -0.057279 0.113045 0.273151 
t -0.063103 0.125558 0.261720 -0.057279 0.113045 0.273151 -0.055154 0.125558 0.271027 
t -0.069498 0.125558 0.251284 -0.072175 0.113045 0.252648 -0.065534 0.113045 0.263486 
t -0.069498 0.125558 0.251284 -0.065534 0.113045 0.263486 -0.063103 0.125558 0.261720 
t -0.074182 0.125558 0.239976 -0.077039 0.113045 0.240905 -0.072175 0.113045 0.252648 
t -0.074182 0.125558 0.239976 -0.072175 0.113045 0.252648 -0.069498 0.125558 0.251284 
t -0.077039 0.125558 0.228075 -0.080007 0.113045 0.228545 -0.077039 0.113045 0.240905 
t -0.077039 0.125558 0.228075 -0.077039 0.113045 0.240905 -0.074182 0.125558 0.239976 
t -0.078000 0.125558 0.215873 -0.081004 0.113045 0.215873 -0.080007 0.113045 0.228545 
t -0.078000 0.125558 0.215873 -0.080007 0.113045 0.228545 -0.077039 0.125558 0.228075 
t -0.077040 0.125558 0.203671 -0.080007 0.113045 0.203201 -0.081004 0.113045 0.215873 
t -0.077040 0.125558 0.203671 -0.081004 0.113045 0.215873 -0.078000 0.125558 0.215873 
t -0.074182 0.125558 0.191770 -0.077040 0.113045 0.190841 -0.080007 0.113045 0.203201 
t -0.074182 0.125558 0.191770 -0.080007 0.113045 0.203201 -0.077040 0.125558 0.203671 
t -0.069498 0.125558 0.180462 -0.072175 0.113045 0.179098 -0.077040 0.113045 0.190841 
t -0.069498 0.125558 0.180462 -0.077040 0.113045 0.190841 -0.074182 0.125558 0.191770 
t -0.063103 0.125558 0.170026 -0.065534 0.113045 0.168260 -0.072175 0.113045 0.179098 
t -0.063103 0.125558 0.170026 -0.072175 0.113045 0.179098 -0.069498 0.125558 0.180462 
t -0.055154 0.125558 0.160719 -0.057279 0.113045 0.158594 -0.065534 0.113045 0.168260 
t -0.055154 0.125558 0.160719 -0.065534 0.113045 0.168260 -0.063103 0.125558 0.170026 
t -0.045847 0.125558 0.152770 -0.047613 0.113045 0.150339 -0.057279 0.113045 0.158594 
t -0.045847 0.125558 0.152770 -0.057279 0.113045 0.158594 -0.055154 0.125558 0.160719 
t -0.035411 0.125558 0.146374 -0.036775 0.113045 0.143698 -0.047613 0.113045 0.150339 
t -0.035411 0.125558 0.146374 -0.047613 0.113045 0.150339 -0.045847 0.125558 0.152770 
t -0.024103 0.125558 0.141691 -0.025032 0.113045 0.138833 -0.036775 0.113045 0.143698 
t -0.024103 0.125558 0.141691 -0.036775 0.113045 0.143698 -0.035411 0.125558 0.146374 
t -0.012202 0.125558 0.138833 -0.012672 0.113045 0.135866 -0.025032 0.113045 0.138833 
t -0.012202 0.125558 0.138833 -0.025032 0.113045 0.138833 -0.024103 0.125558 0.141691 
t 0.000000 0.125558 0.137873 0.000000 0.113045 0.134869 -0.012672 0.113045 0.135866 
t 0.000000 0.125558 0.137873 -0.012672 0.113045 0.135866 -0.012202 0.125558 0.138833 
t 0.012672 0.113045 0.135866 0.012830 0.100215 0.134869 0.000000 0.100215 0.133859 
t 0.012672 0.113045 0.135866 0.000000 0.100215 0.133859 0.000000 0.113045 0.134869 
t 0.025032 0.113045 0.138833 0.025344 0.100215 0.137873 0.012830 0.100215 0.134869 
t 0.025032 0.113045 0.138833 0.012830 0.100215 0.134869 0.012672 0.113045 0.135866 
t 0.036775 0.113045 0.143698 0.037234 0.100215 0.142798 0.025344 0.100215 0.137873 
t 0.036775 0.113045 0.143698 0.025344 0.100215 0.137873 0.025032 0.113045 0.138833 
t 0.047613 0.113045 0.150339 0.048206 0.100215 0.149522 0.037234 0.100215 0.142798 
t 0.047613 0.113045 0.150339 0.037234 0.100215 0.142798 0.036775 0.113045 0.143698 
t 0.057279 0.113045 0.158594 0.057993 0.100215 0.157880 0.048206 0.100215 0.149522 
t 0.057279 0.113045 0.158594 0.048206 0.100215 0.149522 0.047613 0.113045 0.150339 
t 0.065534 0.113045 0.168260 0.066351 0.100215 0.167666 0.057993 0.100215 0.157880 
t 0.065534 0.113045 0.168260 0.057993 0.100215 0.157880 0.057279 0.113045 0.158594 
t 0.072175 0.113045 0.179098 0.073075 0.100215 0.178639 0.066351 0.100215 0.167666 
t 0.072175 0.113045 0.179098 0.066351 0.100215 0.167666 0.065534 0.113045 0.168260 
t 0.077039 0.113045 0.190841 0.078000 0.100215 0.190529 0.073075 0.100215 0.178639 
t 0.077039 0.113045 0.190841 0.073075 0.100215 0.178639 0.072175 0.113045 0.179098 
t 0.080007 0.113045 0.203201 0.081004 0.100215 0.203043 0.078000 0.100215 0.190529 
t 0.080007 0.113045 0.203201 0.078000 0.100215 0.190529 0.077039 0.113045 0.190841 
t 0.081004 0.113045 0.215873 0.082014 0.100215 0.215873 0.081004 0.100215 0.203043 
t 0.081004 0.113045 0.215873 0.081004 0.100215 0.203043 0.080007 0.113045 0.203201 
t 0.080007 0.113045 0.228544 0.081004 0.100215 0.228702 0.082014 0.100215 0.215873 
t 0.080007 0.113045 0.228544 0.082014 0.100215 0.215873 0.081004 0.113045 0.215873 
t 0.077040 0.113045 0.240904 0.078000 0.100215 0.241216 0.081004 0.100215 0.228702 
t 0.077040 0.113045 0.240904 0.081004 0.100215 0.228702 0.080007 0.113045 0.228544 
t 0.072175 0.113045 0.252648 0.073075 0.100215 0.253106 0.078000 0.100215 0.241216 
t 0.072175 0.113045 0.252648 0.078000 0.100215 0.241216 0.077040 0.113045 0.240904 
t 0.065534 0.113045 0.263486 0.066351 0.100215 0.264079 0.073075 0.100215 0.253106 
t 0.065534 0.113045 0.263486 0.073075 0.100215 0.253106 0.072175 0.113045 0.252648 
t 0.057279 0.113045 0.273151 0.057993 0.100215 0.273865 0.066351 0.100215 0.264079 
t 0.057279 0.113045 0.273151 0.066351 0.100215 0.264079 0.065534 0.113045 0.263486 
t 0.047613 0.113045 0.281406 0.048207 0.100215 0.282223 0.057993 0.100215 0.273865 
t 0.047613 0.113045 0.281406 0.057993 0.100215 0.273865 0.057279 0.113045 0.273151 
t 0.036775 0.113045 0.288048 0.037234 0.100215 0.288948 0.048207 0.100215 0.282223 
t 0.036775 0.113045 0.288048 0.048207 0.100215 0.282223 0.047613 0.113045 0.281406 
t 0.025032 0.113045 0.292912 0.025344 0.100215 0.293873 0.037234 0.100215 0.288948 
t 0.025032 0.113045 0.292912 0.037234 0.100215 0.288948 0.036775 0.113045 0.288048 
t 0.012672 0.113045 0.295880 0.012830 0.100215 0.296877 0.025344 0.100215 0.293873 
t 0.012672 0.113045 0.295880 0.025344 0.100215 0.293873 0.025032 0.113045 0.292912 
t 0.000000 0.113045 0.296877 0.000000 0.100215 0.297887 0.012830 0.100215 0.296877 
t 0.000000 0.113045 0.296877 0.012830 0.100215 0.296877 0.012672 0.113045 0.295880 
t -0.012672 0.113045 0.295880 -0.012830 0.100215 0.296877 0.000000 0.100215 0.297887 
t -0.012672 0.113045 0.295880 0.000000 0.100215 0.297887 0.000000 0.113045 0.296877 
t -0.025032 0.113045 0.292912 -0.025344 0.100215 0.293873 -0.012830 0.100215 0.296877 
t -0.025032 0.113045 0.292912 -0.012830 0.100215 0.296877 -0.012672 0.113045 0.295880 
t -0.036775 0.113045 0.288048 -0.037233 0.100215 0.288948 -0.025344 0.100215 0.293873 
t -0.036775 0.113045 0.288048 -0.025344 0.100215 0.293873 -0.025032 0.113045 0.292912 
t -0.047613 0.113045 0.281407 -0.048206 0.100215 0.282223 -0.037233 0.100215 0.288948 
t -0.047613 0.113045 0.281407 -0.037233 0.100215 0.288948 -0.036775 0.113045 0.288048 
t -0.057279 0.113045 0.273151 -0.057993 0.100215 0.273865 -0.048206 0.100215 0.282223 
t -0.057279 0.113045 0.273151 -0.048206 0.100215 0.282223 -0.047613 0.113045 0.281407 
t -0.065534 0.113045 0.263486 -0.066351 0.100215 0.264079 -0.057993 0.100215 0.273865 
t -0.065534 0.113045 0.263486 -0.057993 0.100215 0.273865 -0.057279 0.113045 0.273151 
t -0.072175 0.113045 0.252648 -0.073075 0.100215 0.253106 -0.066351 0.100215 0.264079 
t -0.072175 0.113045 0.252648 -0.066351 0.100215 0.264079 -0.065534 0.113045 0.263486 
t -0.077039 0.113045 0.240905 -0.078000 0.100215 0.241217 -0.073075 0.100215 0.253106 
t -0.077039 0.113045 0.240905 -0.073075 0.100215 0.253106 -0.072175 0.113045 0.252648 
t -0.080007 0.113045 0.228545 -0.081004 0.100215 0.228703 -0.078000 0.100215 0.241217 
t -0.080007 0.113045 0.228545 -0.078000 0.100215 0.241217 -0.077039 0.113045 0.240905 
t -0.081004 0.113045 0.215873 -0.082014 0.100215 0.215873 -0.081004 0.100215 0.228703 
t -0.081004 0.113045 0.215873 -0.081004 0.100215 0.228703 -0.080007 0.113045 0.228545 
t -0.080007 0.113045 0.203201 -0.081004 0.100215 0.203043 -0.082014 0.100215 0.215873 
t -0.080007 0.113045 0.203201 -0.082014 0.100215 0.215873 -0.081004 0.113045 0.215873 
t -0.077040 0.113045 0.190841 -0.078000 0.100215 0.190529 -0.081004 0.100215 0.203043 
t -0.077040 0.113045 0.190841 -0.081004 0.100215 0.203043 -0.080007 0.113045 0.203201 
t -0.072175 0.113045 0.179098 -0.073075 0.100215 0.178639 -0.078000 0.100215 0.190529 
t -0.072175 0.113045 0.179098 -0.078000 0.100215 0.190529 -0.077040 0.113045 0.190841 
t -0.065534 0.113045 0.168260 -0.066351 0.100215 0.167666 -0.073075 0.100215 0.178639 
t -0.065534 0.113045 0.168260 -0.073075 0.100215 0.178639 -0.072175 0.113045 0.179098 
t -0.057279 0.113045 0.158594 -0.057993 0.100215 0.157880 -0.066351 0.100215 0.167666 
t -0.057279 0.113045 0.158594 -0.066351 0.100215 0.167666 -0.065534 0.113045 0.168260 
t -0.047613 0.113045 0.150339 -0.048207 0.100215 0.149522 -0.057993 0.100215 0.157880 
t -0.047613 0.113045 0.150339 -0.057993 0.100215 0.157880 -0.057279 0.113045 0.158594 
t -0.036775 0.113045 0.143698 -0.037234 0.100215 0.142798 -0.048207 0.100215 0.149522 
t -0.036775 0.113045 0.143698 -0.048207 0.100215 0.149522 -0.047613 0.113045 0.150339 
t -0.025032 0.113045 0.138833 -0.025344 0.100215 0.137873 -0.037234 0.100215 0.142798 
t -0.025032 0.113045 0.138833 -0.037234 0.100215 0.142798 -0.036775 0.113045 0.143698 
t -0.012672 0.113045 0.135866 -0.012830 0.100215 0.134869 -0.025344 0.100215 0.137873 
t -0.012672 0.113045 0.135866 -0.025344 0.100215 0.137873 -0.025032 0.113045 0.138833 
t 0.000000 0.113045 0.134869 0.000000 0.100215 0.133859 -0.012830 0.100215 0.134869 
t 0.000000 0.113045 0.134869 -0.012830 0.100215 0.134869 -0.012672 0.113045 0.135866 
t 0.012830 0.100215 0.134869 0.012672 0.087385 0.135866 0.000000 0.087385 0.134869 
t 0.012830 0.100215 0.134869 0.000000 0.087385 0.134869 0.000000 0.100215 0.133859 
t 0.025344 0.100215 0.137873 0.025032 0.087385 0.138833 0.012672 0.087385 0.135866 
t 0.025344 0.100215 0.137873 0.012672 0.087385 0.135866 0.012830 0.100215 0.134869 
t 0.037234 0.100215 0.142798 0.036775 0.087385 0.143698 0.025032 0.087385 0.138833 
t 0.037234 0.100215 0.142798 0.025032 0.087385 0.138833 0.025344 0.100215 0.137873 
t 0.048206 0.100215 0.149522 0.047613 0.087385 0.150339 0.036775 0.087385 0.143698 
t 0.048206 0.100215 0.149522 0.036775 0.087385 0.143698 0.037234 0.100215 0.142798 
t 0.057993 0.100215 0.157880 0.057279 0.087385 0.158594 0.047613 0.087385 0.150339 
t 0.057993 0.100215 0.157880 0.047613 0.087385 0.150339 0.048206 0.100215 0.149522 
t 0.066351 0.100215 0.167666 0.065534 0.087385 0.168260 0.057279 0.087385 0.158594 
t 0.066351 0.100215 0.167666 0.057279 0.087385 0.158594 0.057993 0.100215 0.157880 
t 0.073075 0.100215 0.178639 0.072175 0.087385 0.179098 0.065534 0.087385 0.168260 
t 0.073075 0.100215 0.178639 0.065534 0.087385 0.168260 0.066351 0.100215 0.167666 
t 0.078000 0.100215 0.190529 0.077039 0.087385 0.190841 0.072175 0.087385 0.179098 
t 0.078000 0.100215 0.190529 0.072175 0.087385 0.179098 0.073075 0.100215 0.178639 
t 0.081004 0.100215 0.203043 0.080007 0.087385 0.203201 0.077039 0.087385 0.190841 
t 0.081004 0.100215 0.203043 0.077039 0.087385 0.190841 0.078000 0.100215 0.190529 
t 0.082014 0.100215 0.215873 0.081004 0.087385 0.215873 0.080007 0.087385 0.203201 
t 0.082014 0.100215 0.215873 0.080007 0.087385 0.203201 0.081004 0.100215 0.203043 
t 0.081004 0.100215 0.228702 0.080007 0.087385 0.228544 0.081004 0.087385 0.215873 
t 0.081004 0.100215 0.228702 0.081004 0.087385 0.215873 0.082014 0.100215 0.215873 
t 0.078000 0.100215 0.241216 0.077040 0.087385 0.240904 0.080007 0.087385 0.228544 
t 0.078000 0.100215 0.241216 0.080007 0.087385 0.228544 0.081004 0.100215 0.228702 
t 0.073075 0.100215 0.253106 0.072175 0.087385 0.252648 0.077040 0.087385 0.240904 
t 0.073075 0.100215 0.253106 0.077040 0.087385 0.240904 0.078000 0.100215 0.241216 
t 0.066351 0.100215 0.264079 0.065534 0.087385 0.263486 0.072175 0.087385 0.252648 
t 0.066351 0.100215 0.264079 0.072175 0.087385 0.252648 0.073075 0.100215 0.253106 
t 0.057993 0.100215 0.273865 0.057279 0.087385 0.273151 0.065534 0.087385 0.263486 
t 0.057993 0.100215 0.273865 0.065534 0.087385 0.263486 0.066351 0.100215 0.264079 
t 0.048207 0.100215 0.282223 0.047613 0.087385 0.281406 0.057279 0.087385 0.273151 
t 0.048207 0.100215 0.282223 0.057279 0.087385 0.273151 0.057993 0.100215 0.273865 
t 0.037234 0.100215 0.288948 0.036775 0.087385 0.288048 0.047613 0.087385 0.281406 
t 0.037234 0.100215 0.288948 0.047613 0.087385 0.281406 0.048207 0.100215 0.282223 
t 0.025344 0.100215 0.293873 0.025032 0.087385 0.292912 0.036775 0.087385 0.288048 
t 0.025344 0.100215 0.293873 0.036775 0.087385 0.288048 0.037234 0.100215 0.288948 
t 0.012830 0.100215 0.296877 0.012672 0.087385 0.295880 0.025032 0.087385 0.292912 
t 0.012830 0.100215 0.296877 0.025032 0.087385 0.292912 0.025344 0.100215 0.293873 
t 0.000000 0.100215 0.297887 0.000000 0.087385 0.296877 0.012672 0.087385 0.295880 
t 0.000000 0.100215 0.297887 0.012672 0.087385 0.295880 0.012830 0.100215 0.296877 
t -0.012830 0.100215 0.296877 -0.012672 0.087385 0.295880 0.000000 0.087385 0.296877 
t -0.012830 0.100215 0.296877 0.000000 0.087385 0.296877 0.000000 0.100215 0.297887 
t -0.025344 0.100215 0.293873 -0.025032 0.087385 0.292912 -0.012672 0.087385 0.295880 
t -0.025344 0.100215 0.293873 -0.012672 0.087385 0.295880 -0.012830 0.100215 0.296877 
t -0.037233 0.100215 0.288948 -0.036775 0.087385 0.288048 -0.025032 0.087385 0.292912 
t -0.037233 0.100215 0.288948 -0.025032 0.087385 0.292912 -0.025344 0.100215 0.293873 
t -0.048206 0.100215 0.282223 -0.047613 0.087385 0.281407 -0.036775 0.087385 0.288048 
t -0.048206 0.100215 0.282223 -0.036775 0.087385 0.288048 -0.037233 0.100215 0.288948 
t -0.057993 0.100215 0.273865 -0.057279 0.087385 0.273151 -0.047613 0.087385 0.281407 
t -0.057993 0.100215 0.273865 -0.047613 0.087385 0.281407 -0.048206 0.100215 0.282223 
t -0.066351 0.100215 0.264079 -0.065534 0.087385 0.263486 -0.057279 0.087385 0.273151 
t -0.066351 0.100215 0.264079 -0.057279 0.087385 0.273151 -0.057993 0.100215 0.273865 
t -0.073075 0.100215 0.253106 -0.072175 0.087385 0.252648 -0.065534 0.087385 0.263486 
t -0.073075 0.100215 0.253106 -0.065534 0.087385 0.263486 -0.066351 0.100215 0.264079 
t -0.078000 0.100215 0.241217 -0.077039 0.087385 0.240905 -0.072175 0.087385 0.252648 
t -0.078000 0.100215 0.241217 -0.072175 0.087385 0.252648 -0.073075 0.100215 0.253106 
t -0.081004 0.100215 0.228703 -0.080007 0.087385 0.228545 -0.077039 0.087385 0.240905 
t -0.081004 0.100215 0.228703 -0.077039 0.087385 0.240905 -0.078000 0.100215 0.241217 
t -0.082014 0.100215 0.215873 -0.081004 0.087385 0.215873 -0.080007 0.087385 0.228545 
t -0.082014 0.100215 0.215873 -0.080007 0.087385 0.228545 -0.081004 0.100215 0.228703 
t -0.081004 0.100215 0.203043 -0.080007 0.087385 0.203201 -0.081004 0.087385 0.215873 
t -0.081004 0.100215 0.203043 -0.081004 0.087385 0.215873 -0.082014 0.100215 0.215873 
t -0.078000 0.100215 0.190529 -0.077040 0.087385 0.190841 -0.080007 0.087385 0.203201 
t -0.078000 0.100215 0.190529 -0.080007 0.087385 0.203201 -0.081004 0.100215 0.203043 
t -0.073075 0.100215 0.178639 -0.072175 0.087385 0.179098 -0.077040 0.087385 0.190841 
t -0.073075 0.100215 0.178639 -0.077040 0.087385 0.190841 -0.078000 0.100215 0.190529 
t -0.066351 0.100215 0.167666 -0.065534 0.087385 0.168260 -0.072175 0.087385 0.179098 
t -0.066351 0.100215 0.167666 -0.072175 0.087385 0.179098 -0.073075 0.100215 0.178639 
t -0.057993 0.100215 0.157880 -0.057279 0.087385 0.158594 -0.065534 0.087385 0.168260 
t -0.057993 0.100215 0.157880 -0.065534 0.087385 0.168260 -0.066351 0.100215 0.167666 
t -0.048207 0.100215 0.149522 -0.047613 0.087385 0.150339 -0.057279 0.087385 0.158594 
t -0.048207 0.100215 0.149522 -0.057279 0.087385 0.158594 -0.057993 0.100215 0.157880 
t -0.037234 0.100215 0.142798 -0.036775 0.087385 0.143698 -0.047613 0.087385 0.150339 
t -0.037234 0.100215 0.142798 -0.047613 0.087385 0.150339 -0.048207 0.100215 0.149522 
t -0.025344 0.100215 0.137873 -0.025032 0.087385 0.138833 -0.036775 0.087385 0.143698 
t -0.025344 0.100215 0.137873 -0.036775 0.087385 0.143698 -0.037234 0.100215 0.142798 
t -0.012830 0.100215 0.134869 -0.012672 0.087385 0.135866 -0.025032 0.087385 0.138833 
t -0.012830 0.100215 0.134869 -0.025032 0.087385 0.138833 -0.025344 0.100215 0.137873 
t 0.000000 0.100215 0.133859 0.000000 0.087385 0.134869 -0.012672 0.087385 0.135866 
t 0.000000 0.100215 0.133859 -0.012672 0.087385 0.135866 -0.012830 0.100215 0.134869 
t 0.115115 0.016393 0.260696 0.115115 -0.025101 0.260696 0.499999 -0.025101 0.101899 
t 0.115115 0.016393 0.260696 0.499999 -0.025101 0.101899 0.499999 0.016393 0.101899 
t 0.499999 0.016393 -0.078471 0.499999 -0.025101 -0.078471 0.115115 -0.025101 -0.025881 
t 0.499999 0.016393 -0.078471 0.115115 -0.025101 -0.025881 0.115115 0.016393 -0.025881 
t 0.499999 0.016393 0.101899 0.499999 -0.025101 0.101899 0.499999 -0.025101 -0.078471 
t 0.499999 0.016393 0.101899 0.499999 -0.025101 -0.078471 0.499999 0.016393 -0.078471 
t 0.115115 0.016393 -0.025881 0.115115 0.016393 0.260696 0.499999 0.016393 0.101899 
t 0.115115 0.016393 -0.025881 0.499999 0.016393 0.101899 0.499999 0.016393 -0.078471 
t 0.115115 0.016393 -0.025881 0.115115 -0.025101 -0.025881 0.115115 -0.025101 0.260696 
t 0.115115 0.016393 -0.025881 0.115115 -0.025101 0.260696 0.115115 0.016393 0.260696 
t 0.115115 -0.025101 0.260696 0.115115 -0.025101 -0.025881 0.499999 -0.025101 -0.078471 
t 0.115115 -0.025101 0.260696 0.499999 -0.025101 -0.078471 0.499999 -0.025101 0.101899 
t -0.115116 -0.025095 0.260696 -0.115114 0.016400 0.260696 -0.499998 0.016420 0.101899 
t -0.115116 -0.025095 0.260696 -0.499998 0.016420 0.101899 -0.500001 -0.025075 0.101899 
t -0.500001 -0.025075 -0.078471 -0.499998 0.016420 -0.078471 -0.115114 0.016400 -0.025881 
t -0.500001 -0.025075 -0.078471 -0.115114 0.016400 -0.025881 -0.115116 -0.025095 -0.025881 
t -0.500001 -0.025075 0.101899 -0.499998 0.016420 0.101899 -0.499998 0.016420 -0.078471 
t -0.500001 -0.025075 0.101899 -0.499998 0.016420 -0.078471 -0.500001 -0.025075 -0.078471 
t -0.115116 -0.025095 -0.025881 -0.115116 -0.025095 0.260696 -0.500001 -0.025075 0.101899 
t -0.115116 -0.025095 -0.025881 -0.500001 -0.025075 0.101899 -0.500001 -0.025075 -0.078471 
t -0.115116 -0.025095 -0.025881 -0.115114 0.016400 -0.025881 -0.115114 0.016400 0.260696 
t -0.115116 -0.025095 -0.025881 -0.115114 0.016400 0.260696 -0.115116 -0.025095 0.260696 
t -0.115114 0.016400 0.260696 -0.115114 0.016400 -0.025881 -0.499998 0.016420 -0.078471 
t -0.115114 0.016400 0.260696 -0.499998 0.016420 -0.078471 -0.499998 0.016420 0.101899 
