t 0.400000 0.000000 0.000000 0.000000 0.000000 0.346410 0.200000 0.000000 0.000000 0.000000 0.300000 0.200000 43.301270 0.000000 0.000000
t 0.400000 0.000000 0.000000 0.000000 0.000000 0.300000 0.200000 43.301270 0.000000 0.000000 0.346410 0.000000 50.000000 0.000000 0.000000
t 0.346410 0.000000 50.000000 0.000000 0.000000 0.300000 0.200000 43.301270 0.000000 0.000000 0.173205 0.200000 75.000000 0.000000 0.000000
t 0.346410 0.000000 50.000000 0.000000 0.000000 0.173205 0.200000 75.000000 0.000000 0.000000 0.200000 0.000000 86.602539 0.000000 0.000000
t 0.200000 0.000000 86.602539 0.000000 0.000000 0.173205 0.200000 75.000000 0.000000 0.000000 0.000000 0.200000 86.602539 0.000000 0.000000
t 0.200000 0.000000 86.602539 0.000000 0.000000 0.000000 0.200000 86.602539 0.000000 0.000000 0.000000 0.000000 100.000000 0.000000 0.000000
t 0.000000 0.000000 100.000000 0.000000 0.000000 0.000000 0.200000 86.602539 0.000000 0.000000 -0.173205 0.200000 75.000000 0.000000 0.000000
t 0.000000 0.000000 100.000000 0.000000 0.000000 -0.173205 0.200000 75.000000 0.000000 0.000000 -0.200000 0.000000 86.602539 0.000000 0.000000
t -0.200000 0.000000 86.602539 0.000000 0.000000 -0.173205 0.200000 75.000000 0.000000 0.000000 -0.300000 0.200000 43.301270 0.000000 0.000000
t -0.200000 0.000000 86.602539 0.000000 0.000000 -0.300000 0.200000 43.301270 0.000000 0.000000 -0.346410 0.000000 50.000000 0.000000 0.000000
t -0.346410 0.000000 50.000000 0.000000 0.000000 -0.300000 0.200000 43.301270 0.000000 0.000000 -0.346410 0.200000 0.000000 0.000000 0.000000
t -0.346410 0.000000 50.000000 0.000000 0.000000 -0.346410 0.200000 0.000000 0.000000 0.000000 -0.400000 0.000000 0.000000 0.000000 0.000000
t 0.346410 0.200000 0.000000 0.000000 0.000000 0.200000 0.346410 0.000000 0.000000 0.000000 0.173205 0.346410 25.000000 0.000000 0.000000
t 0.346410 0.200000 0.000000 0.000000 0.000000 0.173205 0.346410 25.000000 0.000000 0.000000 0.300000 0.200000 43.301270 0.000000 0.000000
t 0.300000 0.200000 43.301270 0.000000 0.000000 0.173205 0.346410 25.000000 0.000000 0.000000 0.100000 0.346410 43.301270 0.000000 0.000000
t 0.300000 0.200000 43.301270 0.000000 0.000000 0.100000 0.346410 43.301270 0.000000 0.000000 0.173205 0.200000 75.000000 0.000000 0.000000
t 0.173205 0.200000 75.000000 0.000000 0.000000 0.173205 0.346410 25.000000 0.000000 0.000000 0.000000 0.346410 50.000000 0.000000 0.000000
t 0.173205 0.200000 75.000000 0.000000 0.000000 0.000000 0.346410 50.000000 0.000000 0.000000 0.000000 0.200000 86.602539 0.000000 0.000000
t 0.000000 0.200000 86.602539 0.000000 0.000000 0.000000 0.346410 50.000000 0.000000 0.000000 -0.100000 0.346410 43.301270 0.000000 0.000000
t 0.000000 0.200000 86.602539 0.000000 0.000000 -0.100000 0.346410 43.301270 0.000000 0.000000 -0.173205 0.200000 75.000000 0.000000 0.000000
t -0.173205 0.200000 75.000000 0.000000 0.000000 -0.100000 0.346410 43.301270 0.000000 0.000000 -0.173205 0.346410 25.000000 0.000000 0.000000
t -0.173205 0.200000 75.000000 0.000000 0.000000 -0.173205 0.346410 25.000000 0.000000 0.000000 -0.300000 0.200000 43.301270 0.000000 0.000000
t -0.300000 0.200000 43.301270 0.000000 0.000000 -0.173205 0.346410 25.000000 0.000000 0.000000 -0.200000 0.346410 0.000000 0.000000 0.000000
t -0.300000 0.200000 43.301270 0.000000 0.000000 -0.200000 0.346410 0.000000 0.000000 0.000000 -0.346410 0.200000 0.000000 0.000000 0.000000
t 0.200000 0.346410 0.000000 0.000000 0.000000 0.000000 0.400000 0.000000 0.000000 0.000000 0.173205 0.346410 25.000000 0.000000 0.000000
t 0.173205 0.346410 25.000000 0.000000 0.000000 0.000000 0.400000 0.000000 0.000000 0.000000 0.100000 0.346410 43.301270 0.000000 0.000000
t 0.100000 0.346410 43.301270 0.000000 0.000000 0.000000 0.400000 0.000000 0.000000 0.000000 0.000000 0.346410 50.000000 0.000000 0.000000
t 0.000000 0.346410 50.000000 0.000000 0.000000 0.000000 0.400000 0.000000 0.000000 0.000000 -0.100000 0.346410 43.301270 0.000000 0.000000
t -0.100000 0.346410 43.301270 0.000000 0.000000 0.000000 0.400000 0.000000 0.000000 0.000000 -0.173205 0.346410 25.000000 0.000000 0.000000
t -0.173205 0.346410 25.000000 0.000000 0.000000 0.000000 0.400000 0.000000 0.000000 0.000000 -0.200000 0.346410 0.000000 0.000000 0.000000
t 0.346410 0.200000 0.000000 0.000000 0.000000 0.400000 0.000000 0.000000 0.000000 0.000000 0.300000 0.200000 -43.301270 0.000000 0.000000
t 0.300000 0.200000 -43.301270 0.000000 0.000000 0.400000 0.000000 0.000000 0.000000 0.000000 0.346410 0.000000 -50.000000 0.000000 0.000000
t 0.300000 0.200000 -43.301270 0.000000 0.000000 0.346410 0.000000 -50.000000 0.000000 0.000000 0.173205 0.200000 -75.000000 0.000000 0.000000
t 0.173205 0.200000 -75.000000 0.000000 0.000000 0.346410 0.000000 -50.000000 0.000000 0.000000 0.200000 0.000000 -86.602539 0.000000 0.000000
t 0.173205 0.200000 -75.000000 0.000000 0.000000 0.200000 0.000000 -86.602539 0.000000 0.000000 0.000000 0.200000 -86.602539 0.000000 0.000000
t 0.000000 0.200000 -86.602539 0.000000 0.000000 0.200000 0.000000 -86.602539 0.000000 0.000000 0.000000 0.000000 -100.000000 0.000000 0.000000
t 0.000000 0.200000 -86.602539 0.000000 0.000000 0.000000 0.000000 -100.000000 0.000000 0.000000 -0.173205 0.200000 -75.000000 0.000000 0.000000
t -0.173205 0.200000 -75.000000 0.000000 0.000000 0.000000 0.000000 -100.000000 0.000000 0.000000 -0.200000 0.000000 -86.602539 0.000000 0.000000
t -0.173205 0.200000 -75.000000 0.000000 0.000000 -0.200000 0.000000 -86.602539 0.000000 0.000000 -0.300000 0.200000 -43.301270 0.000000 0.000000
t -0.300000 0.200000 -43.301270 0.000000 0.000000 -0.200000 0.000000 -86.602539 0.000000 0.000000 -0.346410 0.000000 -50.000000 0.000000 0.000000
t -0.300000 0.200000 -43.301270 0.000000 0.000000 -0.346410 0.000000 -50.000000 0.000000 0.000000 -0.346410 0.200000 0.000000 0.000000 0.000000
t -0.346410 0.200000 0.000000 0.000000 0.000000 -0.346410 0.000000 -50.000000 0.000000 0.000000 -0.400000 0.000000 0.000000 0.000000 0.000000
t 0.200000 0.346410 0.000000 0.000000 0.000000 0.346410 0.200000 0.000000 0.000000 0.000000 0.173205 0.346410 -25.000000 0.000000 0.000000
t 0.173205 0.346410 -25.000000 0.000000 0.000000 0.346410 0.200000 0.000000 0.000000 0.000000 0.300000 0.200000 -43.301270 0.000000 0.000000
t 0.173205 0.346410 -25.000000 0.000000 0.000000 0.300000 0.200000 -43.301270 0.000000 0.000000 0.100000 0.346410 -43.301270 0.000000 0.000000
t 0.100000 0.346410 -43.301270 0.000000 0.000000 0.300000 0.200000 -43.301270 0.000000 0.000000 0.173205 0.200000 -75.000000 0.000000 0.000000
t 0.173205 0.346410 -25.000000 0.000000 0.000000 0.173205 0.200000 -75.000000 0.000000 0.000000 0.000000 0.346410 -50.000000 0.000000 0.000000
t 0.000000 0.346410 -50.000000 0.000000 0.000000 0.173205 0.200000 -75.000000 0.000000 0.000000 0.000000 0.200000 -86.602539 0.000000 0.000000
t 0.000000 0.346410 -50.000000 0.000000 0.000000 0.000000 0.200000 -86.602539 0.000000 0.000000 -0.100000 0.346410 -43.301270 0.000000 0.000000
t -0.100000 0.346410 -43.301270 0.000000 0.000000 0.000000 0.200000 -86.602539 0.000000 0.000000 -0.173205 0.200000 -75.000000 0.000000 0.000000
t -0.100000 0.346410 -43.301270 0.000000 0.000000 -0.173205 0.200000 -75.000000 0.000000 0.000000 -0.173205 0.346410 -25.000000 0.000000 0.000000
t -0.173205 0.346410 -25.000000 0.000000 0.000000 -0.173205 0.200000 -75.000000 0.000000 0.000000 -0.300000 0.200000 -43.301270 0.000000 0.000000
t -0.173205 0.346410 -25.000000 0.000000 0.000000 -0.300000 0.200000 -43.301270 0.000000 0.000000 -0.200000 0.346410 0.000000 0.000000 0.000000
t -0.200000 0.346410 0.000000 0.000000 0.000000 -0.300000 0.200000 -43.301270 0.000000 0.000000 -0.346410 0.200000 0.000000 0.000000 0.000000
t 0.000000 0.400000 0.000000 0.000000 0.000000 0.200000 0.346410 0.000000 0.000000 0.000000 0.173205 0.346410 -25.000000 0.000000 0.000000
t 0.000000 0.400000 0.000000 0.000000 0.000000 0.173205 0.346410 -25.000000 0.000000 0.000000 0.100000 0.346410 -43.301270 0.000000 0.000000
t 0.000000 0.400000 0.000000 0.000000 0.000000 0.100000 0.346410 -43.301270 0.000000 0.000000 0.000000 0.346410 -50.000000 0.000000 0.000000
t 0.000000 0.400000 0.000000 0.000000 0.000000 0.000000 0.346410 -50.000000 0.000000 0.000000 -0.100000 0.346410 -43.301270 0.000000 0.000000
t 0.000000 0.400000 0.000000 0.000000 0.000000 -0.100000 0.346410 -43.301270 0.000000 0.000000 -0.173205 0.346410 -25.000000 0.000000 0.000000
t 0.000000 0.400000 0.000000 0.000000 0.000000 -0.173205 0.346410 -25.000000 0.000000 0.000000 -0.200000 0.346410 0.000000 0.000000 0.000000
