t -0.4000000 -0.46000000 0.000000 0.000000 0.000000 -0.36200000 0.4000000 0.118000000 0.100000 1.000000 -0.4000000 0.4000000 0.000000 0.000000 1.000000
t -0.4000000 -0.46000000 0.000000 0.000000 0.000000 -0.36200000 -0.46000000 0.118000000 0.100000 0.000000 -0.36200000 0.4000000 0.118000000 0.100000 1.000000
t -0.36200000 -0.46000000 0.118000000 0.100000 0.000000 -0.262000000 0.4000000 0.19000000 0.200000 1.000000 -0.36200000 0.4000000 0.118000000 0.100000 1.000000
t -0.36200000 -0.46000000 0.118000000 0.100000 0.000000 -0.262000000 -0.46000000 0.19000000 0.200000 0.000000 -0.262000000 0.4000000 0.19000000 0.200000 1.000000
t -0.262000000 -0.46000000 0.19000000 0.200000 0.000000 -0.14000000 0.4000000 0.19000000 0.300000 1.000000 -0.262000000 0.4000000 0.19000000 0.200000 1.000000
t -0.262000000 -0.46000000 0.19000000 0.200000 0.000000 -0.14000000 -0.46000000 0.19000000 0.300000 0.000000 -0.14000000 0.4000000 0.19000000 0.300000 1.000000
t -0.14000000 -0.46000000 0.19000000 0.300000 0.000000 -0.038000000 0.4000000 0.118000000 0.400000 1.000000 -0.14000000 0.4000000 0.19000000 0.300000 1.000000
t -0.14000000 -0.46000000 0.19000000 0.300000 0.000000 -0.038000000 -0.46000000 0.118000000 0.400000 0.000000 -0.038000000 0.4000000 0.118000000 0.400000 1.000000
t -0.038000000 -0.46000000 0.118000000 0.400000 0.000000 0.0000000 0.4000000 0.000000 0.500000 1.000000 -0.038000000 0.4000000 0.118000000 0.400000 1.000000
t -0.038000000 -0.46000000 0.118000000 0.400000 0.000000 0.0000000 -0.46000000 0.000000 0.500000 0.000000 0.0000000 0.4000000 0.000000 0.500000 1.000000
t 0.0000000 -0.46000000 0.000000 0.500000 0.000000 -0.038000000 0.4000000 -0.118000000 0.600000 1.000000 0.0000000 0.4000000 0.000000 0.500000 1.000000
t 0.0000000 -0.46000000 0.000000 0.500000 0.000000 -0.038000000 -0.46000000 -0.118000000 0.600000 0.000000 -0.038000000 0.4000000 -0.118000000 0.600000 1.000000
t -0.038000000 -0.46000000 -0.118000000 0.600000 0.000000 -0.14000000 0.4000000 -0.19000000 0.700000 1.000000 -0.038000000 0.4000000 -0.118000000 0.600000 1.000000
t -0.038000000 -0.46000000 -0.118000000 0.600000 0.000000 -0.14000000 -0.46000000 -0.19000000 0.700000 0.000000 -0.14000000 0.4000000 -0.19000000 0.700000 1.000000
t -0.14000000 -0.46000000 -0.19000000 0.700000 0.000000 -0.262000000 0.4000000 -0.19000000 0.800000 1.000000 -0.14000000 0.4000000 -0.19000000 0.700000 1.000000
t -0.14000000 -0.46000000 -0.19000000 0.700000 0.000000 -0.262000000 -0.46000000 -0.19000000 0.800000 0.000000 -0.262000000 0.4000000 -0.19000000 0.800000 1.000000
t -0.262000000 -0.46000000 -0.19000000 0.800000 0.000000 -0.36200000 0.4000000 -0.118000000 0.900000 1.000000 -0.262000000 0.4000000 -0.19000000 0.800000 1.000000
t -0.262000000 -0.46000000 -0.19000000 0.800000 0.000000 -0.36200000 -0.46000000 -0.118000000 0.900000 0.000000 -0.36200000 0.4000000 -0.118000000 0.900000 1.000000
t -0.36200000 -0.46000000 -0.118000000 0.900000 0.000000 -0.4000000 0.4000000 0.000000 1.000000 1.000000 -0.36200000 0.4000000 -0.118000000 0.900000 1.000000
t -0.36200000 -0.46000000 -0.118000000 0.900000 0.000000 -0.4000000 -0.46000000 0.000000 1.000000 0.000000 -0.4000000 0.4000000 0.000000 1.000000 1.000000
